0 0.134525 0.754920 0.269050 0.484827
0 0.840318 0.744080 0.317754 0.506507
0 0.316010 0.598973 0.131167 0.308507
0 0.421389 0.556627 0.075918 0.174907
0 0.665982 0.606853 0.107746 0.264000
0 0.632496 0.565387 0.058519 0.173867
0 0.540032 0.524107 0.056135 0.105333
0 0.810705 0.464827 0.062311 0.124427
0 0.756993 0.461907 0.053969 0.109947
1 0.667874 0.426587 0.037005 0.105227
7 0.581522 0.482707 0.020821 0.058427
7 0.468164 0.484827 0.020161 0.030667
7 0.617033 0.459827 0.044485 0.108453
7 0.730258 0.444560 0.037778 0.066773
