0 0.432391 0.551893 0.021932 0.066293
0 0.474477 0.540067 0.027617 0.089147
5 0.346526 0.505893 0.069444 0.126133
7 0.163297 0.533440 0.042810 0.100107
7 0.235845 0.512613 0.020161 0.064000
7 0.402323 0.516760 0.042810 0.088987
7 0.531014 0.503533 0.033977 0.045840
7 0.824356 0.544120 0.015700 0.051120
7 0.566067 0.509453 0.028881 0.031280
7 0.599622 0.512547 0.026699 0.035013
7 0.633700 0.514640 0.031473 0.037173
7 0.685419 0.525533 0.026296 0.034427
7 0.762987 0.536547 0.012254 0.041093
7 0.860366 0.552147 0.024275 0.069040
7 0.906010 0.554533 0.032633 0.064800
7 0.983374 0.549520 0.029871 0.079093
7 0.727830 0.526560 0.022697 0.055093
7 0.661904 0.511227 0.035258 0.061227
7 0.791067 0.541787 0.043647 0.100107
7 0.941606 0.547333 0.054549 0.122347
