0 0.545737 0.496640 0.026691 0.060747
1 0.241208 0.459960 0.280934 0.430800
0 0.570990 0.503267 0.039742 0.088187
0 0.155475 0.756747 0.310950 0.481173
0 0.411405 0.516147 0.026594 0.062480
5 0.497576 0.462853 0.049388 0.079680
7 0.443837 0.493173 0.035258 0.069547
7 0.855064 0.444053 0.019147 0.036320
7 0.405262 0.455667 0.025193 0.039013
7 0.670503 0.441720 0.013535 0.028400
7 0.685362 0.443427 0.013671 0.033893
7 0.728692 0.443107 0.027110 0.043013
7 0.761824 0.443973 0.030733 0.040160
7 0.903941 0.440107 0.026562 0.047893
7 0.930499 0.441347 0.027504 0.056293
7 0.955205 0.444573 0.029734 0.070213
7 0.983209 0.437413 0.030346 0.059467
7 0.704529 0.442613 0.021377 0.043467
7 0.648172 0.439533 0.016023 0.027867
7 0.870962 0.449893 0.012456 0.036000
7 0.833873 0.443347 0.014283 0.041360
7 0.807001 0.443173 0.052037 0.064000
