0 0.667794 0.610280 0.122850 0.251600
0 0.515797 0.494560 0.057890 0.066880
2 0.398543 0.514147 0.012077 0.117413
4 0.707669 0.527040 0.054308 0.140267
0 0.669565 0.479413 0.056779 0.069867
0 0.811961 0.470693 0.074291 0.067467
0 0.969416 0.461040 0.059557 0.088213
0 0.332383 0.511613 0.051159 0.069520
0 0.221836 0.515507 0.045813 0.065093
0 0.483768 0.487773 0.017697 0.040133
0 0.456111 0.487973 0.020580 0.040960
7 0.579521 0.471187 0.009960 0.026533
7 0.560950 0.464427 0.007166 0.017813
7 0.063076 0.540400 0.087262 0.091787
