0 0.328196 0.589667 0.065217 0.140613
0 0.557955 0.528147 0.049211 0.122373
0 0.361626 0.563880 0.051755 0.107547
0 0.392572 0.533240 0.037786 0.099067
0 0.405322 0.523320 0.030950 0.076880
0 0.895829 0.417120 0.090757 0.133867
0 0.040930 0.610227 0.081860 0.107013
0 0.078148 0.601027 0.097021 0.117040
7 0.463341 0.487747 0.014654 0.035920
7 0.511957 0.484920 0.013639 0.039707
7 0.485934 0.477907 0.008438 0.026267
7 0.438559 0.502013 0.013285 0.039867
7 0.977725 0.426507 0.041280 0.102880
7 0.619549 0.443160 0.081385 0.052880
7 0.703414 0.451507 0.020998 0.052880
