0 0.217685 0.669693 0.158333 0.288773
0 0.300926 0.607080 0.093382 0.178320
0 0.343205 0.576773 0.060338 0.135093
0 0.372383 0.554747 0.049227 0.104107
0 0.708132 0.477533 0.107939 0.134800
0 0.686880 0.470400 0.072037 0.126987
0 0.665841 0.479667 0.077560 0.114053
0 0.986220 0.401453 0.025950 0.125147
0 0.962258 0.404587 0.073873 0.126240
0 0.945612 0.411667 0.107166 0.106480
0 0.922037 0.420813 0.113784 0.100347
0 0.401397 0.539413 0.037866 0.082400
0 0.556236 0.517427 0.038768 0.099067
7 0.496820 0.486560 0.013108 0.038133
7 0.440596 0.509427 0.030564 0.047120
7 0.523104 0.501760 0.018382 0.050453
7 0.627512 0.487600 0.052029 0.064000
