2 0.270780 0.486932 0.013342 0.118243
2 0.348958 0.484703 0.008717 0.086270
2 0.269624 0.467270 0.009804 0.091622
0 0.829261 0.554041 0.088472 0.130243
0 0.894342 0.557446 0.098832 0.124730
0 0.947953 0.559176 0.102459 0.126297
2 0.287488 0.467365 0.009534 0.098027
2 0.337537 0.570176 0.027508 0.241865
2 0.430850 0.557770 0.042761 0.266027
4 0.596838 0.571378 0.087859 0.316757
4 0.124702 0.658784 0.118766 0.498378
0 0.506254 0.502149 0.029485 0.076243
2 0.248999 0.474500 0.012525 0.106784
2 0.185686 0.473527 0.008987 0.118622
2 0.823333 0.518689 0.016340 0.098622
7 0.472382 0.472014 0.009714 0.021811
7 0.387382 0.499554 0.018374 0.055000
