0 0.336144 0.615135 0.127712 0.270000
4 0.931528 0.464095 0.090899 0.227378
4 0.843190 0.461135 0.062426 0.177243
2 0.472810 0.519027 0.026356 0.182919
4 0.663660 0.471824 0.036275 0.108892
2 0.338983 0.528973 0.020139 0.207297
4 0.713386 0.470865 0.023521 0.123838
2 0.173836 0.557108 0.026822 0.155784
2 0.166818 0.564514 0.024616 0.150649
4 0.264792 0.553757 0.066691 0.197568
2 0.209179 0.556203 0.023113 0.156297
2 0.185106 0.563608 0.026095 0.193324
2 0.281528 0.536514 0.016536 0.193405
0 0.964199 0.426243 0.069967 0.109027
0 0.892680 0.456095 0.105212 0.092676
7 0.521389 0.454270 0.023219 0.032757
7 0.397157 0.483392 0.021013 0.066730
