0 0.502935 0.621040 0.061554 0.176693
0 0.127943 0.617920 0.129928 0.194507
4 0.890564 0.695227 0.161465 0.375413
0 0.607089 0.565053 0.085966 0.265253
2 0.327770 0.643267 0.028454 0.331440
0 0.244799 0.567693 0.072979 0.136720
0 0.349489 0.595560 0.102649 0.172613
0 0.365048 0.593400 0.095250 0.132453
0 0.387105 0.580907 0.088607 0.115147
0 0.414827 0.565893 0.061151 0.094187
0 0.436691 0.543133 0.045894 0.061200
0 0.567327 0.576920 0.044348 0.106000
0 0.486848 0.566800 0.034082 0.107093
0 0.268349 0.549693 0.054106 0.081733
7 0.459356 0.508440 0.027713 0.050107
7 0.528132 0.509840 0.051192 0.058453
