4 0.703845 0.586933 0.057399 0.330613
2 0.614521 0.537800 0.020024 0.228240
3 0.874638 0.682747 0.056200 0.262880
3 0.922645 0.685187 0.058446 0.240613
2 0.940853 0.588933 0.045749 0.376533
2 0.772250 0.563067 0.027303 0.249707
2 0.748700 0.550680 0.022939 0.221360
2 0.253454 0.544333 0.023446 0.191387
2 0.311502 0.540053 0.024775 0.189067
0 0.471900 0.470160 0.046763 0.122027
7 0.084875 0.570933 0.162746 0.169547
7 0.256389 0.551507 0.083068 0.114000
7 0.356196 0.494560 0.032746 0.133440
7 0.423293 0.501507 0.051192 0.108453
7 0.650161 0.566787 0.030225 0.116773
7 0.632130 0.493160 0.022681 0.075120
7 0.974767 0.597320 0.021836 0.216773
