2 0.225761 0.491747 0.016256 0.124613
0 0.221739 0.477907 0.054799 0.139707
0 0.264002 0.489840 0.054396 0.101653
0 0.317939 0.481213 0.062593 0.086693
0 0.456349 0.469053 0.057609 0.104080
0 0.479968 0.470373 0.042899 0.069280
0 0.515668 0.466653 0.045089 0.072347
0 0.542524 0.472827 0.049106 0.056213
0 0.566039 0.474547 0.035733 0.056347
0 0.586079 0.472627 0.040725 0.053147
0 0.606961 0.468453 0.046916 0.054773
0 0.640101 0.456507 0.048188 0.074773
0 0.659147 0.461707 0.042496 0.050560
0 0.674195 0.459360 0.036812 0.046027
7 0.255970 0.448733 0.295258 0.080667
7 0.723124 0.457040 0.082222 0.069547
7 0.918192 0.426493 0.160378 0.052880
