0 0.861341 0.770893 0.275709 0.452880
0 0.069952 0.758587 0.139903 0.477493
0 0.109614 0.682627 0.219227 0.351333
0 0.158752 0.625813 0.224879 0.296267
0 0.619493 0.608880 0.118325 0.247413
0 0.293800 0.583173 0.159517 0.176907
0 0.567947 0.539987 0.056683 0.119707
0 0.304155 0.559560 0.120145 0.159707
0 0.324098 0.531307 0.096296 0.155413
0 0.535024 0.497173 0.028873 0.082453
7 0.425129 0.489987 0.053011 0.070427
7 0.469461 0.467880 0.036506 0.028027
7 0.500576 0.458320 0.017496 0.021440
7 0.516804 0.480680 0.021836 0.044560
