4 0.741050 0.613311 0.041609 0.243541
4 0.315217 0.732176 0.202884 0.530243
4 0.593239 0.603635 0.034600 0.210568
2 0.264465 0.540946 0.012802 0.133730
2 0.280282 0.542838 0.013619 0.115622
4 0.559457 0.545730 0.028260 0.104216
2 0.388031 0.540365 0.013072 0.123541
2 0.380645 0.542392 0.014984 0.104297
2 0.576973 0.539000 0.010891 0.107081
2 0.597688 0.561946 0.018791 0.108432
7 0.624293 0.562568 0.020172 0.091730
7 0.769142 0.559784 0.012614 0.069514
7 0.801471 0.561189 0.018497 0.083405
7 0.692631 0.536595 0.050180 0.072703
