0 0.461566 0.489267 0.026192 0.094907
4 0.478579 0.583280 0.040153 0.269493
0 0.908937 0.760080 0.180515 0.474507
0 0.060656 0.770227 0.121312 0.454213
0 0.155998 0.686640 0.230032 0.427200
0 0.683313 0.672560 0.201860 0.452640
0 0.589420 0.591013 0.113269 0.250187
0 0.266828 0.617893 0.105459 0.219467
2 0.903643 0.617013 0.107415 0.435253
0 0.311707 0.569613 0.065700 0.147707
0 0.541977 0.556573 0.062842 0.152827
7 0.372890 0.479267 0.073092 0.114693
7 0.419940 0.505680 0.032746 0.094560
7 0.439650 0.462613 0.011779 0.030667
