0 0.749493 0.739173 0.223494 0.457760
0 0.154283 0.627520 0.255443 0.265493
0 0.271063 0.569947 0.143816 0.179040
0 0.309364 0.563093 0.142319 0.160960
0 0.321852 0.548453 0.122576 0.143893
0 0.649356 0.614013 0.116087 0.281413
0 0.570632 0.544013 0.046675 0.110480
0 0.362262 0.545373 0.090580 0.125413
0 0.374589 0.528067 0.077858 0.129787
0 0.532134 0.481973 0.025089 0.088693
0 0.425294 0.502120 0.052214 0.058587
7 0.457846 0.468587 0.034308 0.056747
7 0.502395 0.474800 0.016047 0.020213
7 0.042790 0.823747 0.085580 0.341840
7 0.487037 0.480667 0.007585 0.027893
