0 0.857323 0.792027 0.283744 0.410613
0 0.562536 0.549093 0.062689 0.166080
0 0.270596 0.580867 0.140644 0.179600
0 0.297299 0.569933 0.148752 0.160827
0 0.361800 0.531080 0.098172 0.134907
0 0.537673 0.535000 0.034525 0.094907
2 0.091892 0.552693 0.019855 0.203467
6 0.238655 0.677693 0.111143 0.208933
6 0.180302 0.713800 0.097834 0.315760
6 0.269416 0.624840 0.095515 0.197467
6 0.294167 0.618213 0.076675 0.173387
6 0.109392 0.691560 0.112343 0.351173
6 0.718313 0.757120 0.176948 0.371147
7 0.434030 0.499880 0.046159 0.057840
7 0.472520 0.477867 0.028841 0.034027
7 0.509159 0.506360 0.022601 0.057840
