2 0.528901 0.468500 0.016201 0.154784
2 0.217647 0.538095 0.040964 0.321865
2 0.433758 0.467527 0.023170 0.183595
2 0.897729 0.710405 0.202908 0.573784
2 0.913999 0.610311 0.170368 0.773973
2 0.956642 0.756703 0.085082 0.481189
2 0.983015 0.701892 0.032337 0.590811
2 0.703268 0.725081 0.161405 0.544432
2 0.539146 0.676189 0.067982 0.562324
2 0.644726 0.688459 0.058423 0.505514
2 0.700396 0.644446 0.064306 0.541486
2 0.778215 0.634068 0.067198 0.511541
0 0.109126 0.498649 0.218252 0.997297
7 0.277083 0.544527 0.089869 0.322297
7 0.730519 0.359784 0.215825 0.091730
7 0.357692 0.440351 0.010940 0.075081
7 0.404718 0.434811 0.019338 0.102865
7 0.454257 0.452851 0.021013 0.116730
