0 0.026618 0.672107 0.053237 0.401653
0 0.087903 0.655067 0.175805 0.312427
0 0.172085 0.594547 0.174090 0.227387
0 0.206445 0.582680 0.146820 0.207013
0 0.272323 0.545480 0.068414 0.125733
0 0.306405 0.538120 0.090346 0.117360
0 0.378639 0.519413 0.033462 0.082240
7 0.408841 0.496867 0.033655 0.067227
7 0.487407 0.483907 0.019887 0.038000
7 0.533410 0.490227 0.017979 0.061200
7 0.555036 0.474933 0.014887 0.036693
7 0.686566 0.443973 0.061280 0.050293
7 0.776083 0.424187 0.114324 0.067467
7 0.872911 0.446573 0.138655 0.078427
7 0.949239 0.441280 0.098156 0.104907
