0 0.173011 0.600080 0.162061 0.194187
0 0.254126 0.562387 0.113374 0.155333
0 0.282480 0.544200 0.100918 0.134587
0 0.322770 0.529133 0.090145 0.117573
0 0.340250 0.528600 0.072818 0.094533
0 0.358096 0.520027 0.053454 0.084267
0 0.373603 0.519160 0.056659 0.066213
0 0.380946 0.503200 0.049605 0.074667
0 0.391944 0.501920 0.049815 0.066987
0 0.400040 0.501067 0.047440 0.060800
7 0.442226 0.485080 0.022343 0.042053
7 0.502629 0.491000 0.013535 0.034640
7 0.520918 0.473120 0.012673 0.028267
7 0.687882 0.456947 0.139259 0.047387
7 0.825531 0.436920 0.083205 0.044080
7 0.548257 0.475107 0.024356 0.022320
7 0.797774 0.494573 0.033583 0.205680
