0 0.220797 0.565627 0.116329 0.133547
0 0.055837 0.543600 0.111675 0.185867
2 0.844517 0.594947 0.044815 0.373520
0 0.383345 0.528920 0.069557 0.100773
0 0.334803 0.524920 0.062536 0.084507
0 0.448072 0.500067 0.036047 0.067653
0 0.500282 0.491640 0.020290 0.057200
0 0.482512 0.513707 0.043398 0.072853
0 0.593579 0.491987 0.020250 0.042747
7 0.619291 0.482240 0.019308 0.045760
7 0.646727 0.486600 0.019348 0.059760
7 0.529308 0.482653 0.020596 0.048880
7 0.755552 0.456253 0.144388 0.060507
7 0.928454 0.456853 0.126957 0.043573
7 0.568804 0.480667 0.023519 0.027893
