2 0.710374 0.620467 0.046868 0.475387
2 0.081115 0.619560 0.044646 0.316507
2 0.141691 0.608840 0.040837 0.348507
3 0.740282 0.633707 0.072915 0.240373
3 0.045419 0.625640 0.048535 0.154427
4 0.358611 0.533853 0.032279 0.185467
0 0.441304 0.489080 0.059839 0.154640
2 0.720250 0.595293 0.044734 0.376453
4 0.497488 0.515560 0.033720 0.114853
7 0.387532 0.501707 0.036433 0.054187
7 0.642609 0.518173 0.021836 0.080667
7 0.675741 0.634827 0.041127 0.202880
7 0.186779 0.562613 0.031063 0.169547
7 0.271071 0.544547 0.030225 0.116773
7 0.780576 0.548707 0.046159 0.186213
