2 0.708356 0.697807 0.073239 0.580481
2 0.164418 0.701257 0.080775 0.592139
2 0.046906 0.706872 0.093813 0.580909
2 0.989241 0.658690 0.019903 0.677273
2 0.505755 0.517500 0.034467 0.234305
2 0.668817 0.655695 0.035275 0.453369
2 0.613809 0.615348 0.043885 0.379733
2 0.592912 0.586190 0.032577 0.323930
2 0.663413 0.556698 0.057342 0.309706
2 0.625658 0.594479 0.024774 0.317995
2 0.658788 0.516898 0.042553 0.249305
0 0.457112 0.490080 0.046567 0.119251
7 0.035263 0.668155 0.070525 0.536203
7 0.551640 0.486217 0.026042 0.111203
