4 0.737411 0.603707 0.064775 0.380373
2 0.621659 0.549653 0.022190 0.250187
3 0.943188 0.728893 0.072351 0.318000
3 0.978567 0.738440 0.041256 0.295440
2 0.989038 0.610120 0.020314 0.423600
2 0.797081 0.571520 0.031506 0.277493
2 0.773692 0.562600 0.026594 0.244293
2 0.232130 0.560987 0.025242 0.204373
2 0.294545 0.551773 0.019605 0.205147
0 0.467214 0.471987 0.048470 0.126533
7 0.041683 0.576493 0.051192 0.180667
7 0.189291 0.561227 0.049517 0.127893
7 0.423289 0.515400 0.036095 0.114000
7 0.659384 0.565387 0.033583 0.136213
7 0.684130 0.534827 0.017649 0.102880
7 0.391421 0.484827 0.096481 0.091787
