0 0.578635 0.563973 0.079573 0.205333
0 0.206377 0.603787 0.187585 0.233867
0 0.249569 0.586867 0.190845 0.202373
0 0.285447 0.579840 0.141538 0.168960
0 0.341679 0.530707 0.114630 0.156507
0 0.327617 0.548720 0.094799 0.146187
0 0.525064 0.515253 0.026715 0.070880
0 0.544006 0.536667 0.039992 0.107733
6 0.100246 0.780680 0.180153 0.327920
6 0.162476 0.691520 0.150781 0.296480
6 0.212581 0.671907 0.112536 0.245467
6 0.877331 0.830387 0.243728 0.333893
7 0.421932 0.487973 0.055443 0.086827
7 0.462238 0.474800 0.024573 0.063360
7 0.494646 0.476720 0.010853 0.035413
7 0.482355 0.475733 0.005805 0.013653
7 0.510934 0.501493 0.030225 0.064000
