0 0.143337 0.614507 0.179171 0.212373
0 0.239235 0.567733 0.121514 0.165333
0 0.271212 0.547707 0.107077 0.142027
0 0.315012 0.529533 0.094533 0.122907
0 0.334372 0.530507 0.075974 0.098293
0 0.352323 0.517480 0.055483 0.087120
0 0.368736 0.520013 0.058551 0.068240
0 0.377971 0.503253 0.051095 0.076747
0 0.389183 0.502627 0.051232 0.068773
0 0.397017 0.499360 0.048639 0.062240
7 0.521260 0.472453 0.011200 0.027040
7 0.501852 0.491227 0.014042 0.028533
7 0.438756 0.483547 0.027238 0.043787
7 0.733506 0.441880 0.300974 0.045733
7 0.822126 0.489013 0.018486 0.161227
7 0.491643 0.470960 0.020161 0.025120
