0 0.056333 0.722133 0.112665 0.333227
0 0.089134 0.632893 0.178269 0.305360
0 0.155370 0.617973 0.193639 0.235200
0 0.235519 0.573667 0.136707 0.180933
0 0.304678 0.544373 0.059662 0.108800
0 0.332319 0.534413 0.079227 0.102800
0 0.392391 0.517520 0.029919 0.074987
7 0.497001 0.480333 0.020572 0.032720
7 0.534662 0.489240 0.016731 0.052773
7 0.556457 0.480587 0.009903 0.038880
7 0.418056 0.495200 0.027995 0.063680
7 0.751365 0.429213 0.207432 0.090747
7 0.947419 0.438707 0.101924 0.107707
7 0.438808 0.484827 0.020161 0.025120
7 0.583068 0.462613 0.020161 0.030667
