0 0.102166 0.714240 0.204332 0.428693
0 0.123410 0.641587 0.246820 0.323973
0 0.612291 0.613120 0.093084 0.208853
0 0.219533 0.613213 0.190097 0.249947
0 0.261361 0.579720 0.149936 0.237627
0 0.303454 0.559573 0.111981 0.169920
0 0.661188 0.561907 0.114871 0.123120
0 0.352713 0.503787 0.090403 0.155520
0 0.527101 0.491360 0.033140 0.114133
0 0.387214 0.515933 0.069420 0.077040
0 0.404316 0.506573 0.060741 0.083547
0 0.513853 0.480213 0.022552 0.087840
7 0.456425 0.490373 0.026876 0.069547
7 0.489130 0.480653 0.028551 0.050107
