2 0.710633 0.648514 0.056838 0.520216
2 0.632382 0.546135 0.032557 0.315297
2 0.640980 0.546851 0.025654 0.305432
2 0.540792 0.465203 0.016340 0.164297
2 0.246132 0.538041 0.032345 0.328297
2 0.400094 0.489527 0.016855 0.152892
2 0.414747 0.485243 0.016846 0.163784
2 0.353640 0.484986 0.021658 0.213270
2 0.338962 0.472270 0.015278 0.183946
2 0.512802 0.456635 0.013889 0.145973
0 0.109547 0.498649 0.219093 0.997297
7 0.300592 0.462595 0.054600 0.152865
7 0.370715 0.452851 0.021855 0.150081
7 0.779837 0.402865 0.437059 0.133405
7 0.451736 0.465351 0.017655 0.069514
