0 0.379328 0.524413 0.035435 0.101520
0 0.328192 0.504200 0.043937 0.109147
0 0.233869 0.599693 0.085274 0.167760
0 0.161457 0.605613 0.095250 0.151547
2 0.354179 0.525907 0.007246 0.066640
0 0.996989 0.579387 0.004412 0.366027
0 0.198603 0.536467 0.059799 0.059653
0 0.746896 0.482107 0.033164 0.058667
7 0.816240 0.457053 0.010097 0.052880
7 0.948986 0.455307 0.056747 0.063360
7 0.791063 0.459840 0.028551 0.064000
7 0.406095 0.519573 0.021836 0.055680
7 0.058035 0.639000 0.078873 0.083440
7 0.871981 0.459840 0.059581 0.069547
