2 0.962452 0.622687 0.073481 0.749278
2 0.935347 0.613422 0.127690 0.767807
3 0.237019 0.796136 0.114103 0.402380
2 0.403364 0.601390 0.037698 0.355348
2 0.371935 0.616150 0.041575 0.350588
2 0.508376 0.526283 0.024023 0.211497
2 0.510864 0.497273 0.024523 0.151230
2 0.548700 0.526444 0.015816 0.205241
2 0.595053 0.495174 0.015953 0.173984
0 0.464911 0.480120 0.027738 0.071257
2 0.351236 0.542580 0.022601 0.208904
2 0.572645 0.514786 0.017892 0.176845
7 0.094422 0.769572 0.188845 0.450160
7 0.288982 0.638997 0.101567 0.316765
