0 0.638684 0.579253 0.093277 0.200800
0 0.551469 0.490693 0.053663 0.060747
2 0.409984 0.509253 0.008857 0.107413
4 0.687705 0.521587 0.047681 0.124293
0 0.693655 0.477933 0.053945 0.066480
0 0.824380 0.476160 0.071594 0.064160
0 0.966888 0.460853 0.064614 0.084000
0 0.319493 0.510440 0.049662 0.064133
0 0.487903 0.487347 0.016997 0.038533
0 0.460918 0.487573 0.019742 0.039360
7 0.510934 0.484840 0.031900 0.052880
7 0.223684 0.520947 0.052874 0.086213
7 0.082359 0.539013 0.088937 0.127893
7 0.364167 0.497333 0.011779 0.061227
