2 0.573766 0.480500 0.013072 0.155919
2 0.237149 0.517743 0.035670 0.323919
2 0.887292 0.691378 0.088505 0.611838
2 0.881552 0.668865 0.136471 0.656865
2 0.800090 0.688932 0.102124 0.616730
2 0.871699 0.676392 0.219444 0.641811
2 0.498824 0.529432 0.032680 0.292000
2 0.535735 0.512243 0.031046 0.305027
2 0.478280 0.499932 0.025596 0.243108
2 0.457667 0.502230 0.025874 0.248459
2 0.524007 0.493608 0.031757 0.203162
2 0.375507 0.507135 0.023693 0.254973
2 0.399469 0.508676 0.019608 0.213189
2 0.420662 0.488878 0.023693 0.238514
2 0.445658 0.511784 0.019338 0.198216
0 0.109318 0.498649 0.218636 0.997297
7 0.352234 0.455635 0.020172 0.150081
7 0.296822 0.447311 0.055441 0.100081
7 0.791172 0.368135 0.414387 0.097297
