2 0.643518 0.680401 0.056002 0.476471
2 0.702258 0.663262 0.067585 0.487005
2 0.040481 0.693396 0.062738 0.486845
2 0.315392 0.592179 0.038506 0.292807
2 0.546058 0.550027 0.021809 0.204064
2 0.706753 0.575655 0.066995 0.309118
2 0.915242 0.582647 0.071616 0.411551
2 0.835271 0.563824 0.039313 0.323904
2 0.364943 0.565481 0.026931 0.200160
6 0.352754 0.608463 0.031890 0.133182
2 0.338247 0.563783 0.025848 0.205909
2 0.963417 0.574465 0.062730 0.391283
0 0.442084 0.492045 0.025638 0.085695
0 0.370683 0.517166 0.065985 0.184064
0 0.394976 0.508209 0.042278 0.140588
7 0.030444 0.687821 0.053877 0.440401
7 0.578881 0.550762 0.019507 0.145588
7 0.473409 0.487848 0.025234 0.078369
7 0.528360 0.547340 0.008045 0.121471
7 0.564039 0.545602 0.007528 0.152487
