2 0.656143 0.714693 0.067585 0.565267
2 0.738332 0.698623 0.086696 0.597406
2 0.191309 0.714011 0.061389 0.543048
2 0.531555 0.561337 0.023691 0.244973
2 0.596115 0.546858 0.025315 0.210722
2 0.930125 0.559479 0.064887 0.311631
2 0.930808 0.528382 0.061664 0.292005
2 0.745767 0.531217 0.030420 0.227674
2 0.448885 0.529198 0.011712 0.124278
0 0.406450 0.516591 0.052157 0.152326
0 0.433889 0.499933 0.049847 0.105481
7 0.144503 0.612821 0.028877 0.217995
7 0.562989 0.534398 0.036688 0.116283
7 0.478356 0.481805 0.026793 0.073182
