0 0.760193 0.725307 0.271498 0.522720
0 0.116151 0.730467 0.232303 0.373093
0 0.292661 0.584013 0.099187 0.212133
0 0.446687 0.508320 0.027866 0.062987
0 0.342089 0.548480 0.064308 0.139307
0 0.386292 0.529627 0.039187 0.084160
0 0.522110 0.491507 0.019147 0.054747
0 0.590177 0.479040 0.057874 0.059840
0 0.713205 0.444227 0.056586 0.069840
7 0.419509 0.506813 0.020548 0.064613
7 0.493205 0.475773 0.036699 0.040453
7 0.551019 0.469733 0.016900 0.052533
7 0.816377 0.439547 0.076795 0.033547
7 0.653100 0.438693 0.052319 0.021493
