0 0.830874 0.736920 0.336643 0.520827
0 0.085427 0.784453 0.170853 0.425760
0 0.260507 0.596507 0.121981 0.247627
0 0.440052 0.512813 0.030926 0.068667
0 0.324126 0.559187 0.073986 0.155227
0 0.376477 0.535280 0.042665 0.090507
0 0.520548 0.494840 0.019823 0.056987
0 0.592013 0.477240 0.060612 0.062640
0 0.718885 0.441653 0.058881 0.072533
7 0.410652 0.512853 0.021594 0.073227
7 0.479662 0.473173 0.012738 0.042187
7 0.894771 0.444733 0.163776 0.074960
7 0.654928 0.447293 0.047633 0.055973
7 0.554964 0.465387 0.046159 0.064000
7 0.499618 0.476507 0.012617 0.036213
7 0.458096 0.490387 0.015129 0.052880
