2 0.188808 0.494507 0.014767 0.130987
0 0.190656 0.475613 0.058994 0.146320
0 0.236119 0.490120 0.056973 0.105840
0 0.292564 0.481120 0.065209 0.090027
0 0.436787 0.467107 0.058647 0.106747
0 0.460584 0.470360 0.043921 0.070853
0 0.497166 0.468280 0.046023 0.073680
0 0.524597 0.473627 0.049791 0.057120
0 0.548812 0.473387 0.036192 0.057280
0 0.568132 0.472613 0.041127 0.053813
0 0.589718 0.468187 0.047295 0.055467
0 0.622979 0.452853 0.048341 0.075680
0 0.641296 0.460293 0.042432 0.050933
0 0.657005 0.459933 0.036731 0.046320
7 0.370813 0.436960 0.023156 0.038720
7 0.109614 0.442987 0.097633 0.068053
7 0.714038 0.428333 0.071071 0.104293
7 0.929903 0.412813 0.126795 0.114640
7 0.767158 0.433453 0.010934 0.083440
