2 0.899465 0.607720 0.102778 0.502480
0 0.904134 0.756027 0.190121 0.482613
0 0.764364 0.697720 0.219404 0.399120
0 0.274980 0.672613 0.182359 0.371093
0 0.364155 0.607787 0.090451 0.214773
0 0.644948 0.594133 0.100475 0.215840
0 0.410632 0.552387 0.058237 0.161733
0 0.462681 0.530280 0.050032 0.112720
0 0.604416 0.545240 0.046707 0.144667
0 0.547001 0.514240 0.045113 0.078667
1 0.658176 0.435693 0.038253 0.100027
7 0.723933 0.457653 0.051280 0.066347
7 0.620286 0.451627 0.034614 0.037013
7 0.024195 0.560307 0.032013 0.064613
