0 0.026590 0.805373 0.053180 0.383920
0 0.155286 0.708040 0.211957 0.335600
0 0.970656 0.528840 0.057077 0.374907
0 0.911429 0.521507 0.175531 0.308187
0 0.836401 0.521480 0.189984 0.229893
0 0.303833 0.600253 0.099678 0.177893
0 0.652697 0.611160 0.128019 0.270160
0 0.598873 0.560573 0.075056 0.189733
0 0.352162 0.566493 0.058253 0.132240
0 0.564384 0.530627 0.047415 0.108880
0 0.549960 0.526053 0.039581 0.089920
7 0.011055 0.833773 0.022110 0.321787
7 0.307009 0.483520 0.045548 0.028373
7 0.164038 0.518907 0.040862 0.037013
7 0.015745 0.564613 0.031490 0.173280
7 0.407774 0.529280 0.067126 0.097333
7 0.476554 0.484827 0.028551 0.058453
7 0.530644 0.507040 0.029388 0.069547
