2 0.103877 0.690989 0.207754 0.612674
2 0.525408 0.565120 0.026922 0.251898
2 0.370226 0.542045 0.022795 0.174572
2 0.354116 0.540682 0.018215 0.164358
3 0.197557 0.806283 0.112464 0.382086
2 0.596167 0.517794 0.018506 0.156283
2 0.505759 0.524853 0.017981 0.166497
2 0.559649 0.564091 0.022754 0.242353
2 0.584507 0.531818 0.021664 0.197540
2 0.611006 0.507861 0.016115 0.171444
0 0.448429 0.507594 0.031543 0.080588
2 0.189148 0.593984 0.036842 0.273155
2 0.571365 0.555561 0.018611 0.200588
7 0.476535 0.477500 0.018982 0.043877
