0 0.476606 0.543413 0.046675 0.125867
0 0.257335 0.755987 0.223752 0.482693
0 0.345696 0.642867 0.114726 0.263760
0 0.242428 0.612960 0.128188 0.213013
0 0.333229 0.544147 0.081981 0.117093
0 0.437234 0.515667 0.031828 0.075760
0 0.397725 0.502200 0.053132 0.068720
0 0.861574 0.804733 0.275242 0.385200
0 0.693861 0.699920 0.184114 0.436960
0 0.537114 0.531573 0.043567 0.107893
1 0.531316 0.454933 0.051989 0.198773
2 0.582279 0.504613 0.010467 0.110453
0 0.147335 0.543347 0.089839 0.109200
0 0.479581 0.515120 0.029356 0.088800
0 0.016369 0.580867 0.032738 0.154000
7 0.061836 0.750973 0.123671 0.487387
7 0.493209 0.436973 0.024195 0.069787
7 0.271852 0.486133 0.028357 0.037013
