0 0.946381 0.564865 0.105605 0.138378
0 0.894346 0.563122 0.101275 0.131757
0 0.825899 0.561878 0.094624 0.141919
0 0.506123 0.507743 0.027802 0.081973
4 0.763775 0.628581 0.143660 0.425811
4 0.970813 0.658338 0.056740 0.503486
4 0.199032 0.631149 0.093178 0.379324
2 0.154775 0.467676 0.010891 0.128432
2 0.142022 0.504419 0.020972 0.188838
2 0.116601 0.494986 0.024232 0.192243
2 0.880976 0.700527 0.095041 0.593541
2 0.879861 0.674608 0.072712 0.560405
2 0.969808 0.680784 0.058750 0.624865
7 0.402574 0.474892 0.112729 0.083459
7 0.275486 0.464541 0.051266 0.090324
7 0.481479 0.478351 0.008039 0.055892
