0 0.494239 0.557507 0.042617 0.117360
0 0.073575 0.766947 0.147150 0.460773
0 0.169018 0.723707 0.213994 0.454027
0 0.308519 0.602027 0.126876 0.199253
0 0.355415 0.512707 0.134726 0.267760
0 0.381288 0.558080 0.092126 0.115093
2 0.802677 0.716120 0.075950 0.477680
0 0.531031 0.498733 0.029211 0.091440
0 0.492017 0.526720 0.026852 0.081653
0 0.400085 0.534867 0.089831 0.132347
0 0.016928 0.570827 0.033857 0.191467
0 0.081393 0.572827 0.110853 0.134027
0 0.159022 0.606773 0.154533 0.226240
0 0.251791 0.561093 0.083213 0.152693
2 0.128023 0.534040 0.015032 0.148987
2 0.198857 0.527747 0.010870 0.092987
1 0.292440 0.493480 0.068084 0.146640
7 0.456747 0.513733 0.023156 0.102560
7 0.029545 0.732867 0.059090 0.523600
7 0.919151 0.513720 0.158430 0.099120
7 0.744517 0.519547 0.009259 0.066773
