2 0.052210 0.666176 0.091789 0.525324
2 0.183088 0.547419 0.029967 0.266027
2 0.165498 0.535676 0.030997 0.259243
4 0.681238 0.555541 0.041806 0.292378
2 0.503513 0.547946 0.025719 0.194000
6 0.441740 0.502419 0.014624 0.124838
4 0.406091 0.507149 0.020842 0.137270
2 0.072933 0.641000 0.053807 0.437838
2 0.644980 0.494176 0.013113 0.150243
2 0.568113 0.474581 0.009722 0.094676
2 0.539134 0.487973 0.007598 0.097838
2 0.550935 0.479054 0.008734 0.097892
2 0.602124 0.468149 0.009510 0.095054
2 0.612794 0.467635 0.010882 0.102297
7 0.472100 0.457662 0.023660 0.049000
