2 0.616349 0.659719 0.050081 0.457567
2 0.688421 0.645963 0.052237 0.460642
2 0.253082 0.596297 0.040654 0.306551
2 0.522270 0.544826 0.023425 0.203610
2 0.680505 0.566337 0.044693 0.305027
2 0.896640 0.603623 0.061922 0.452807
2 0.861567 0.570307 0.040388 0.355000
2 0.335533 0.572206 0.026381 0.233717
6 0.320965 0.632326 0.038974 0.156096
2 0.311058 0.566136 0.021535 0.238636
2 0.924576 0.566203 0.058425 0.389519
0 0.436979 0.485120 0.029418 0.098209
0 0.356535 0.509358 0.070598 0.193316
0 0.383526 0.501430 0.044935 0.146658
7 0.565339 0.546444 0.044507 0.164545
