0 0.946479 0.565419 0.105408 0.138459
0 0.894359 0.563068 0.101413 0.131757
0 0.825878 0.561973 0.094632 0.141946
0 0.506140 0.507662 0.027819 0.081973
4 0.566275 0.626270 0.106356 0.369568
4 0.635956 0.587581 0.116520 0.351649
4 0.342729 0.539838 0.032467 0.174865
2 0.157455 0.467108 0.017230 0.128324
2 0.023713 0.542838 0.047426 0.306000
2 0.176781 0.499973 0.020915 0.169784
2 0.152655 0.492257 0.021895 0.173054
2 0.689698 0.648554 0.057908 0.493811
2 0.705699 0.630000 0.053031 0.459838
2 0.812435 0.640459 0.064804 0.536703
2 0.834461 0.690649 0.088203 0.613297
7 0.013652 0.539500 0.027304 0.295378
7 0.289812 0.449919 0.028873 0.081730
7 0.446838 0.468014 0.012729 0.031757
7 0.755952 0.638581 0.051789 0.448730
