0 0.946957 0.568230 0.104453 0.138730
0 0.894404 0.562824 0.102108 0.131811
0 0.825764 0.562378 0.094714 0.142000
0 0.506209 0.507270 0.027892 0.081946
2 0.991642 0.707568 0.015082 0.579459
2 0.162884 0.473959 0.013889 0.127162
2 0.254592 0.496635 0.014706 0.139000
4 0.430584 0.498730 0.020531 0.131622
2 0.219951 0.474446 0.014428 0.116297
2 0.287443 0.549730 0.030229 0.245838
2 0.313088 0.544257 0.046046 0.235703
2 0.343640 0.554162 0.039485 0.254649
2 0.445535 0.588932 0.039763 0.335865
2 0.485678 0.576459 0.046291 0.296432
2 0.320997 0.589324 0.032680 0.310486
2 0.359359 0.576500 0.035678 0.297757
2 0.389514 0.572162 0.039485 0.262757
2 0.288897 0.560622 0.033219 0.265568
7 0.180956 0.492135 0.016373 0.083459
