2 0.289972 0.486933 0.014823 0.113547
0 0.279972 0.473720 0.050845 0.128933
0 0.316071 0.483667 0.050145 0.094533
0 0.364666 0.477160 0.058205 0.081040
0 0.495141 0.462613 0.055032 0.099520
0 0.516969 0.467253 0.041473 0.066507
0 0.551739 0.462027 0.043623 0.070080
0 0.577967 0.469533 0.048060 0.054800
0 0.601534 0.470080 0.035209 0.055040
0 0.620773 0.470533 0.039984 0.051947
0 0.641502 0.466493 0.046433 0.053680
0 0.676381 0.447973 0.048430 0.074347
0 0.694122 0.457667 0.042770 0.050160
0 0.709867 0.458120 0.037238 0.045733
7 0.204138 0.424013 0.078357 0.030107
7 0.430447 0.435227 0.022633 0.038720
7 0.768728 0.445587 0.065862 0.049093
7 0.935109 0.425733 0.072633 0.057707
