0 0.044070 0.779800 0.088140 0.435067
0 0.281510 0.613840 0.109589 0.214027
0 0.336618 0.572400 0.070837 0.143520
0 0.365998 0.553573 0.049404 0.114453
0 0.388953 0.537520 0.041916 0.090933
0 0.685411 0.468067 0.093688 0.118160
0 0.650064 0.466707 0.068889 0.102107
0 0.959875 0.405640 0.078639 0.114373
0 0.939634 0.414240 0.115177 0.113707
0 0.910882 0.419787 0.111006 0.095787
0 0.883486 0.419547 0.101465 0.091253
0 0.413225 0.521480 0.033663 0.073200
0 0.553233 0.502440 0.034259 0.088347
7 0.038659 0.822573 0.077319 0.344187
7 0.484352 0.488720 0.101280 0.087040
7 0.629694 0.476613 0.065910 0.081920
