0 0.059077 0.704122 0.118154 0.379000
4 0.979122 0.591635 0.040123 0.538135
4 0.400413 0.494014 0.013864 0.112081
2 0.618819 0.566068 0.035237 0.317054
2 0.579702 0.555622 0.043129 0.351946
2 0.623705 0.537135 0.029322 0.279189
4 0.274489 0.537041 0.032917 0.206622
2 0.937492 0.428446 0.014918 0.124838
2 0.954963 0.431432 0.014959 0.109459
2 0.934097 0.439054 0.014665 0.121730
4 0.991070 0.435743 0.016225 0.129919
7 0.325486 0.497297 0.047100 0.076541
7 0.376266 0.474041 0.024706 0.043811
7 0.539804 0.466284 0.019493 0.086892
