2 0.280895 0.482500 0.014747 0.105162
2 0.363088 0.484676 0.013072 0.078919
2 0.274281 0.462797 0.006667 0.085324
0 0.829330 0.554054 0.088480 0.130270
0 0.894416 0.557446 0.098848 0.124730
0 0.947986 0.559176 0.102394 0.126297
2 0.294726 0.462757 0.008489 0.090703
2 0.265176 0.543608 0.021708 0.199865
2 0.328358 0.544500 0.029739 0.227216
4 0.462598 0.516216 0.021062 0.161027
0 0.506287 0.502149 0.029485 0.076243
2 0.242659 0.479203 0.014060 0.117811
2 0.184489 0.473527 0.008440 0.118622
2 0.767680 0.512595 0.008562 0.099243
7 0.159857 0.480932 0.030433 0.098946
