0 0.043180 0.701067 0.086361 0.239520
0 0.392826 0.550293 0.033704 0.099200
0 0.342194 0.534013 0.042504 0.106427
0 0.265382 0.622693 0.074597 0.155680
0 0.197798 0.631707 0.081989 0.143680
4 0.070978 0.692667 0.083760 0.308533
2 0.364561 0.553253 0.007512 0.065867
0 0.978273 0.560400 0.041844 0.343520
0 0.217359 0.574627 0.057311 0.060027
0 0.760354 0.486160 0.032496 0.056480
7 0.432790 0.537000 0.040862 0.080133
7 0.797371 0.463707 0.028366 0.068053
7 0.844219 0.457653 0.041900 0.073227
7 0.940898 0.440413 0.025757 0.059440
