2 0.910151 0.668108 0.171708 0.658378
2 0.876708 0.692878 0.163742 0.608838
2 0.518636 0.680054 0.077092 0.612486
2 0.434653 0.667432 0.090466 0.659730
2 0.564612 0.676108 0.079158 0.523622
2 0.457463 0.494122 0.022018 0.203541
2 0.438542 0.506243 0.015678 0.190162
2 0.457414 0.469257 0.019191 0.165757
2 0.493595 0.471973 0.016977 0.155297
4 0.279600 0.460622 0.045719 0.157838
4 0.432921 0.443703 0.026038 0.111351
7 0.105842 0.622568 0.211683 0.744054
7 0.223407 0.471446 0.058562 0.152351
7 0.376001 0.449041 0.021054 0.138568
7 0.773403 0.350824 0.050221 0.042081
7 0.686679 0.349986 0.009077 0.047270
