0 0.028100 0.611827 0.056200 0.250053
0 0.707758 0.554267 0.084807 0.185547
0 0.789682 0.552493 0.105048 0.163547
0 0.084235 0.553253 0.127262 0.145333
0 0.046357 0.584240 0.092713 0.158773
0 0.147077 0.513360 0.115282 0.152213
0 0.182110 0.510400 0.100064 0.132747
6 0.438192 0.477893 0.049235 0.090827
7 0.254666 0.517173 0.040862 0.102560
7 0.342689 0.490427 0.106490 0.062880
7 0.523414 0.474053 0.102319 0.057707
7 0.598933 0.467147 0.021071 0.033547
7 0.645813 0.467133 0.029404 0.040453
7 0.981208 0.443000 0.029404 0.050800
7 0.697629 0.440413 0.062214 0.024933
