0 0.707110 0.649733 0.165491 0.322027
0 0.476337 0.502813 0.062721 0.074693
2 0.386530 0.519053 0.011272 0.128453
4 0.727077 0.533307 0.062254 0.158400
0 0.642975 0.481347 0.060121 0.073627
0 0.793096 0.471653 0.076256 0.070347
0 0.968370 0.461160 0.061651 0.092453
0 0.351683 0.511427 0.051675 0.073467
0 0.215511 0.520547 0.049605 0.070533
0 0.479750 0.486253 0.018325 0.041467
0 0.451059 0.489000 0.021409 0.042427
7 0.913490 0.461107 0.013776 0.049093
7 0.580443 0.469720 0.014300 0.035280
7 0.054026 0.534413 0.108052 0.116347
7 0.529147 0.471453 0.012738 0.024933
7 0.558052 0.466293 0.011176 0.021493
7 0.271333 0.480067 0.030443 0.055973
