2 0.585715 0.620628 0.052771 0.417888
2 0.642589 0.597393 0.052237 0.419813
2 0.185747 0.598476 0.039039 0.311016
2 0.501886 0.531578 0.020735 0.199519
2 0.603792 0.559064 0.032851 0.300214
2 0.933304 0.634586 0.086430 0.579706
2 0.955319 0.582193 0.055194 0.456310
2 0.245921 0.620508 0.051696 0.349572
6 0.220287 0.712995 0.070703 0.246898
2 0.195048 0.627366 0.034733 0.368529
2 0.841195 0.558356 0.043344 0.398155
0 0.435751 0.495254 0.042666 0.140829
0 0.344532 0.506511 0.080985 0.215749
0 0.376365 0.497420 0.050113 0.159706
7 0.551224 0.508449 0.020170 0.105668
