0 0.156495 0.754500 0.312990 0.485595
2 0.576483 0.557608 0.054191 0.301378
4 0.912239 0.451378 0.050016 0.134919
2 0.359171 0.582581 0.064763 0.315108
2 0.359510 0.585405 0.049020 0.352054
4 0.787525 0.484149 0.026634 0.166568
2 0.099342 0.591865 0.026413 0.234000
2 0.088452 0.606189 0.029142 0.228216
4 0.344289 0.582068 0.088758 0.282622
2 0.059310 0.593676 0.034861 0.295135
0 0.976144 0.472189 0.046078 0.117892
0 0.384306 0.487703 0.026095 0.063297
7 0.654653 0.463689 0.013766 0.085162
7 0.525490 0.458527 0.029395 0.043811
