2 0.541867 0.470568 0.019616 0.153405
2 0.226671 0.540797 0.035106 0.327000
2 0.753897 0.682865 0.072467 0.628865
2 0.684767 0.695270 0.078047 0.604054
2 0.928513 0.688446 0.141340 0.617703
2 0.959816 0.699419 0.078734 0.595757
2 0.676319 0.516514 0.029534 0.204811
2 0.463419 0.696446 0.056462 0.589703
2 0.492659 0.662027 0.040907 0.462162
2 0.534526 0.638973 0.047484 0.510270
2 0.576254 0.660351 0.041283 0.407676
2 0.607026 0.614514 0.049559 0.446378
2 0.663979 0.639068 0.052206 0.427324
2 0.440045 0.530649 0.029404 0.293514
2 0.496213 0.535284 0.041920 0.273811
2 0.527582 0.520446 0.045310 0.295595
2 0.576716 0.522500 0.046275 0.280081
0 0.109199 0.498649 0.218399 0.997297
7 0.407774 0.431811 0.016887 0.107568
7 0.276005 0.474027 0.054395 0.192000
7 0.647357 0.358595 0.009600 0.026595
7 0.882774 0.338797 0.209600 0.062784
