2 0.557386 0.474189 0.014167 0.155459
2 0.240564 0.535527 0.027778 0.326351
2 0.667353 0.639108 0.049020 0.510919
2 0.667855 0.582595 0.053374 0.433459
2 0.615151 0.620297 0.092002 0.491676
2 0.608011 0.654757 0.057459 0.534757
2 0.462586 0.498230 0.028325 0.231432
2 0.493533 0.488635 0.028325 0.241919
2 0.461368 0.484500 0.025057 0.208189
2 0.428207 0.494676 0.024779 0.217081
2 0.474163 0.480284 0.013619 0.174027
2 0.364534 0.491608 0.020425 0.218243
2 0.382014 0.492919 0.018243 0.188865
2 0.403456 0.477297 0.017696 0.211946
0 0.109350 0.498649 0.218701 0.997297
7 0.279126 0.466284 0.031471 0.090351
7 0.872361 0.351703 0.233562 0.040378
7 0.340065 0.446473 0.015850 0.098946
