2 0.685404 0.690000 0.049273 0.518449
2 0.236163 0.700428 0.076737 0.538342
2 0.120541 0.686203 0.054927 0.495668
2 0.957686 0.702032 0.083013 0.590588
2 0.925351 0.690187 0.079426 0.614278
2 0.515460 0.537086 0.023425 0.223369
2 0.661567 0.659238 0.059208 0.417406
2 0.612189 0.623890 0.031502 0.352807
2 0.590226 0.600321 0.028805 0.305294
2 0.651115 0.571003 0.052811 0.293663
2 0.614552 0.610134 0.031769 0.297861
2 0.662052 0.535361 0.040872 0.238209
0 0.458942 0.507366 0.044588 0.114091
7 0.557266 0.508543 0.028360 0.136979
