2 0.491006 0.546417 0.012286 0.148289
2 0.510590 0.535869 0.021147 0.156390
2 0.153275 0.731404 0.092577 0.531845
2 0.210985 0.634465 0.037141 0.274225
0 0.070614 0.704345 0.141228 0.585963
2 0.226179 0.647393 0.034443 0.322273
2 0.652835 0.607888 0.048611 0.391230
2 0.879903 0.632687 0.099855 0.551150
2 0.290448 0.584666 0.020832 0.179706
2 0.420893 0.549452 0.013433 0.148690
0 0.336216 0.570989 0.098279 0.254171
0 0.380533 0.543396 0.056672 0.178342
7 0.042044 0.783730 0.084087 0.421845
7 0.593986 0.594733 0.061171 0.178342
