2 0.559158 0.472041 0.018382 0.152946
2 0.226544 0.531162 0.029150 0.328108
2 0.681127 0.696243 0.078366 0.602108
2 0.758472 0.679811 0.075392 0.634973
2 0.583431 0.577892 0.046275 0.387622
2 0.548873 0.569500 0.052320 0.372297
2 0.650846 0.563230 0.037132 0.369973
2 0.697594 0.568851 0.067917 0.351703
2 0.858873 0.576135 0.029477 0.209405
2 0.416687 0.568743 0.036136 0.368351
2 0.430429 0.569351 0.024453 0.312000
2 0.462827 0.545878 0.032190 0.344514
2 0.500817 0.569568 0.026291 0.281730
2 0.503399 0.532932 0.031405 0.300514
2 0.390707 0.501162 0.025694 0.228973
2 0.455033 0.501797 0.029461 0.210243
2 0.484779 0.498932 0.020507 0.226838
2 0.522234 0.490311 0.022426 0.215919
0 0.109248 0.498649 0.218497 0.997297
7 0.297357 0.503338 0.108554 0.254027
7 0.913676 0.352581 0.169346 0.035216
