0 0.771035 0.768387 0.296498 0.457893
0 0.551775 0.541493 0.051586 0.139467
0 0.311912 0.563347 0.112456 0.145733
0 0.332967 0.547293 0.121586 0.132613
0 0.378168 0.520427 0.085709 0.118400
0 0.534497 0.531533 0.030507 0.084667
2 0.175934 0.531240 0.014767 0.160720
6 0.306675 0.623920 0.080193 0.153120
6 0.278720 0.632373 0.054364 0.205920
6 0.324400 0.590973 0.069686 0.147973
6 0.339678 0.588493 0.058019 0.134000
6 0.640841 0.648253 0.107802 0.227600
7 0.469251 0.500773 0.092947 0.083573
7 0.614300 0.472320 0.010129 0.047360
