2 0.530254 0.579345 0.025582 0.265107
2 0.362306 0.557634 0.025582 0.190508
2 0.341636 0.554291 0.016696 0.178850
3 0.114830 0.836671 0.154491 0.321310
2 0.609366 0.529880 0.015614 0.171471
2 0.508473 0.537072 0.021535 0.171310
2 0.563687 0.583008 0.024499 0.255160
2 0.585125 0.538850 0.022351 0.205241
2 0.612391 0.521791 0.028788 0.175989
0 0.447472 0.519866 0.033215 0.083102
2 0.135283 0.624786 0.039580 0.294866
3 0.177617 0.735388 0.083409 0.336818
7 0.482528 0.483516 0.024717 0.038690
7 0.015222 0.800749 0.030444 0.293850
