2 0.821208 0.579947 0.055185 0.400320
0 0.868253 0.750787 0.261884 0.493093
0 0.722097 0.657960 0.170427 0.325787
0 0.307238 0.643133 0.147230 0.310373
0 0.378498 0.592520 0.079316 0.191387
0 0.632033 0.580307 0.087721 0.192827
0 0.417581 0.547773 0.054195 0.149840
0 0.465503 0.530293 0.047609 0.106827
0 0.598676 0.542813 0.043374 0.134373
0 0.546638 0.514907 0.044565 0.075733
1 0.655004 0.441480 0.038655 0.099067
7 0.040338 0.555107 0.027842 0.050800
7 0.132267 0.529253 0.037738 0.037013
7 0.715596 0.455067 0.041900 0.071520
7 0.616123 0.450760 0.034614 0.038747
