2 0.547708 0.471689 0.016250 0.154946
2 0.243056 0.538878 0.031732 0.327757
2 0.904273 0.746581 0.172745 0.501432
2 0.933574 0.734716 0.131217 0.525162
2 0.487790 0.486959 0.019289 0.168946
2 0.556099 0.568324 0.037851 0.372595
2 0.547896 0.533324 0.049240 0.323946
2 0.504371 0.569730 0.037157 0.368054
2 0.497786 0.566622 0.038203 0.380541
2 0.442255 0.479541 0.025458 0.193189
2 0.460694 0.475000 0.021471 0.202757
2 0.433011 0.476851 0.020302 0.182027
2 0.409109 0.485257 0.020539 0.192892
2 0.340960 0.482054 0.020940 0.192486
2 0.366712 0.486703 0.017688 0.169081
2 0.390776 0.474851 0.018856 0.190946
0 0.109383 0.498649 0.218766 0.997297
7 0.284604 0.457662 0.039289 0.086892
7 0.877753 0.349973 0.241225 0.026595
