2 0.560946 0.501293 0.006691 0.067760
0 0.125044 0.518107 0.088833 0.120747
6 0.183382 0.518387 0.034316 0.078053
0 0.241252 0.530693 0.054887 0.094507
0 0.205552 0.532947 0.066836 0.088453
0 0.321735 0.504693 0.036337 0.067307
0 0.296864 0.504360 0.036176 0.066533
0 0.375129 0.492800 0.022383 0.044800
7 0.535395 0.480093 0.009614 0.059440
7 0.658829 0.525800 0.048156 0.043920
7 0.595294 0.480947 0.014823 0.050800
7 0.483833 0.472320 0.015862 0.016320
7 0.449710 0.475787 0.010129 0.026667
7 0.632009 0.492147 0.033052 0.024933
