2 0.530008 0.469797 0.019608 0.154514
2 0.216998 0.538568 0.035400 0.323892
2 0.500490 0.471176 0.025049 0.190081
2 0.812655 0.653851 0.292827 0.686892
2 0.707063 0.729676 0.175221 0.535243
2 0.735940 0.669919 0.163873 0.654757
2 0.810956 0.754973 0.149003 0.484649
2 0.849355 0.695986 0.169167 0.602622
2 0.933002 0.717527 0.132361 0.559541
2 0.439457 0.719986 0.075433 0.554622
2 0.489363 0.611351 0.050376 0.450324
2 0.586291 0.621095 0.046569 0.409811
2 0.627802 0.594446 0.048203 0.438351
2 0.688852 0.571770 0.069992 0.411216
0 0.109146 0.498649 0.218292 0.997297
7 0.272880 0.461959 0.060645 0.154081
7 0.360645 0.444730 0.012206 0.105838
7 0.406993 0.405986 0.016373 0.045541
7 0.449967 0.412000 0.015850 0.036919
7 0.980678 0.349986 0.020016 0.043811
