2 0.965182 0.603636 0.068021 0.787380
3 0.185319 0.814733 0.144952 0.365187
2 0.390218 0.637500 0.035008 0.440508
2 0.348603 0.659693 0.053586 0.443128
2 0.524766 0.528957 0.023700 0.220321
2 0.514358 0.496283 0.024144 0.154599
2 0.561531 0.532687 0.017504 0.213930
2 0.596551 0.500762 0.018578 0.179492
2 0.605153 0.486176 0.012116 0.157861
0 0.469402 0.484532 0.028336 0.073342
2 0.324701 0.549666 0.027189 0.220775
2 0.582431 0.521524 0.019386 0.181818
7 0.056228 0.829412 0.101276 0.330481
7 0.285392 0.641283 0.046066 0.247326
7 0.205699 0.561110 0.015856 0.107674
