4 0.988909 0.632162 0.020547 0.326108
2 0.130400 0.635716 0.042761 0.396892
2 0.069154 0.631824 0.056642 0.466676
2 0.254281 0.685689 0.075163 0.550189
4 0.770257 0.633635 0.066364 0.316135
4 0.900249 0.589973 0.032426 0.171892
2 0.545127 0.520392 0.009257 0.112135
2 0.551373 0.520689 0.007075 0.096892
4 0.769653 0.534230 0.035596 0.111973
2 0.852569 0.543243 0.012802 0.113135
2 0.877537 0.563108 0.021789 0.115514
7 0.029130 0.489527 0.008554 0.071378
7 0.930670 0.569649 0.025229 0.104108
7 0.605429 0.551581 0.034077 0.102405
7 0.664547 0.530027 0.017933 0.090324
