2 0.475137 0.517393 0.014233 0.143235
2 0.493683 0.511671 0.014685 0.148957
2 0.315440 0.645789 0.048796 0.441578
2 0.967040 0.603155 0.053255 0.477861
2 0.331809 0.559666 0.032423 0.215481
2 0.317027 0.622620 0.048158 0.301979
0 0.158300 0.655709 0.316599 0.683235
2 0.671757 0.564519 0.045533 0.348824
2 0.882831 0.568289 0.062092 0.427112
2 0.405400 0.507701 0.012141 0.127968
0 0.339596 0.525588 0.081922 0.218770
0 0.373776 0.504652 0.049814 0.160267
7 0.567940 0.551631 0.060129 0.161123
7 0.457007 0.469746 0.013255 0.080080
7 0.416123 0.466297 0.007528 0.073182
