0 0.085040 0.732093 0.170081 0.530480
0 0.845000 0.684933 0.308390 0.624800
0 0.459267 0.578147 0.112947 0.229947
0 0.725149 0.668467 0.147721 0.379227
0 0.697424 0.575453 0.097552 0.252827
0 0.954485 0.466733 0.089420 0.188880
0 0.898418 0.457213 0.129138 0.209413
0 0.809642 0.476360 0.109992 0.184827
0 0.510962 0.506360 0.048865 0.106800
0 0.643172 0.490213 0.034573 0.094187
0 0.542287 0.484573 0.033688 0.079760
1 0.616800 0.429680 0.036320 0.116053
7 0.559094 0.455920 0.036176 0.073227
7 0.349976 0.496467 0.102319 0.061147
7 0.190862 0.518027 0.043462 0.062880
7 0.273152 0.499067 0.033052 0.028373
