0 0.511775 0.573360 0.065048 0.176107
0 0.242915 0.534120 0.073720 0.122640
4 0.706212 0.558520 0.076562 0.187600
0 0.567198 0.503373 0.051031 0.171547
2 0.398704 0.540493 0.016908 0.186107
0 0.323156 0.498853 0.041498 0.088480
0 0.390040 0.521120 0.073655 0.115040
0 0.410733 0.520093 0.069404 0.082160
0 0.427983 0.504133 0.051264 0.071413
0 0.445129 0.491240 0.038068 0.050107
0 0.484871 0.529013 0.035507 0.107307
0 0.306014 0.490000 0.040998 0.063627
7 0.616119 0.451613 0.042947 0.054267
7 0.465338 0.444720 0.020548 0.016320
7 0.520809 0.454213 0.027319 0.038720
