0 0.081683 0.634933 0.163366 0.269013
0 0.290548 0.551093 0.062947 0.135147
0 0.317166 0.529720 0.055749 0.107493
0 0.346240 0.525173 0.039984 0.079413
0 0.364014 0.508107 0.043583 0.070027
0 0.535833 0.491747 0.020652 0.053520
2 0.171288 0.608560 0.027907 0.240960
2 0.169239 0.644133 0.027963 0.169280
7 0.246329 0.539587 0.018986 0.085307
7 0.411957 0.482667 0.008567 0.026667
7 0.444247 0.496480 0.024195 0.057707
7 0.791904 0.430053 0.249718 0.076693
7 0.996252 0.422293 0.004259 0.081867
7 0.591119 0.459373 0.009614 0.024933
7 0.555189 0.472320 0.014823 0.057707
7 0.524461 0.466280 0.023156 0.080133
