2 0.754666 0.650960 0.062681 0.581173
2 0.034750 0.626960 0.069501 0.350400
2 0.082230 0.632080 0.051965 0.404853
3 0.773422 0.651333 0.085217 0.275840
4 0.340431 0.539347 0.034678 0.205360
0 0.436751 0.485813 0.063084 0.161867
3 0.137190 0.576613 0.042142 0.157280
3 0.162005 0.568600 0.048245 0.147813
2 0.163547 0.556560 0.018929 0.195253
2 0.755527 0.617493 0.053873 0.446613
2 0.695229 0.653640 0.033084 0.249787
2 0.712806 0.651507 0.037464 0.250427
4 0.501171 0.510600 0.034211 0.118320
0 0.374485 0.502587 0.056361 0.064427
7 0.645028 0.514600 0.028881 0.093947
7 0.257009 0.543893 0.025757 0.128427
7 0.624976 0.473187 0.008567 0.055973
