2 0.822266 0.659412 0.096276 0.675829
2 0.866200 0.594519 0.070186 0.617861
3 0.092060 0.848396 0.154798 0.297861
3 0.298449 0.705174 0.078869 0.289118
3 0.150998 0.837326 0.146890 0.320000
2 0.422322 0.561417 0.025000 0.258930
2 0.398881 0.562139 0.029216 0.246257
2 0.487270 0.526698 0.022649 0.196070
2 0.501793 0.498088 0.014168 0.143770
2 0.528356 0.526217 0.019588 0.189332
2 0.584027 0.498035 0.015258 0.164037
0 0.457968 0.481845 0.025695 0.066096
2 0.393905 0.530481 0.015242 0.190053
2 0.555299 0.518810 0.014507 0.167567
7 0.022254 0.891471 0.044507 0.206364
7 0.150234 0.609398 0.092423 0.107674
7 0.354661 0.586110 0.040856 0.195588
