0 0.043917 0.713627 0.087834 0.567413
0 0.907271 0.733867 0.183849 0.526933
0 0.418333 0.615307 0.135105 0.253227
2 0.732939 0.488787 0.014332 0.157787
0 0.731562 0.562160 0.079742 0.185387
0 0.712037 0.537747 0.058647 0.135173
0 0.520395 0.525773 0.056296 0.129467
0 0.541550 0.507747 0.040717 0.101307
0 0.689742 0.515080 0.043833 0.108133
7 0.022512 0.809627 0.045024 0.370080
7 0.188257 0.507693 0.032005 0.045627
7 0.616385 0.478347 0.104928 0.083573
7 0.687995 0.444733 0.026280 0.019760
7 0.766381 0.436960 0.025757 0.018027
7 0.426019 0.473200 0.016900 0.021493
7 0.469247 0.470600 0.030443 0.030107
