0 0.027830 0.793800 0.055660 0.407067
0 0.720664 0.685813 0.219332 0.436853
0 0.151936 0.694600 0.208510 0.322000
0 0.305692 0.577347 0.090515 0.198000
0 0.449754 0.505200 0.026514 0.060427
0 0.349642 0.543053 0.060411 0.132560
0 0.390745 0.527080 0.037657 0.081307
0 0.522850 0.489933 0.018824 0.053680
0 0.589477 0.477267 0.056586 0.058533
7 0.019130 0.819120 0.038261 0.351093
7 0.423671 0.505080 0.020548 0.061147
7 0.483833 0.473187 0.009614 0.038747
7 0.808305 0.461973 0.110652 0.078400
7 0.551800 0.468000 0.015338 0.052533
7 0.662738 0.428347 0.080966 0.031840
