2 0.064014 0.510680 0.015419 0.107333
2 0.089823 0.502747 0.017440 0.100640
2 0.184638 0.506627 0.020564 0.119493
2 0.484034 0.490120 0.009485 0.089040
0 0.456856 0.472973 0.038285 0.100613
0 0.485318 0.483760 0.040040 0.076160
0 0.524762 0.478373 0.048414 0.066933
0 0.637419 0.468360 0.049879 0.087973
0 0.656574 0.473360 0.037770 0.059947
0 0.691212 0.467773 0.042118 0.064080
7 0.022254 0.526667 0.044509 0.131893
7 0.579404 0.440413 0.020548 0.024933
7 0.825757 0.461973 0.223671 0.078400
7 0.453909 0.427907 0.162746 0.039013
7 0.960052 0.454267 0.042810 0.064000
