2 0.570854 0.478284 0.019763 0.153757
2 0.239702 0.523986 0.029420 0.324351
2 0.934077 0.672838 0.130212 0.648919
2 0.524518 0.558635 0.037484 0.334351
2 0.570441 0.533203 0.038644 0.350514
2 0.495037 0.507365 0.029011 0.264892
2 0.471348 0.512284 0.030588 0.269595
2 0.527884 0.503014 0.028889 0.239919
2 0.564984 0.507568 0.022418 0.224703
2 0.383693 0.517405 0.025768 0.276270
2 0.406185 0.518473 0.022582 0.230243
2 0.428378 0.498257 0.024959 0.255811
2 0.453317 0.523176 0.019755 0.212892
2 0.420600 0.500081 0.042786 0.228919
0 0.109301 0.498649 0.218603 0.997297
7 0.341895 0.461973 0.024706 0.174757
7 0.281475 0.452500 0.038243 0.114459
7 0.794755 0.351703 0.095016 0.040378
