0 0.374567 0.564135 0.088137 0.195946
4 0.786658 0.466622 0.061928 0.172162
4 0.722782 0.465676 0.048309 0.146324
2 0.449771 0.510473 0.019493 0.149973
4 0.592010 0.477405 0.032075 0.098378
2 0.341417 0.522122 0.017672 0.166243
4 0.682900 0.473365 0.021356 0.106622
2 0.205466 0.543081 0.017141 0.129730
2 0.201246 0.546932 0.018946 0.125054
4 0.266017 0.542932 0.056773 0.166838
2 0.274461 0.534297 0.017108 0.128703
2 0.269011 0.539649 0.020948 0.156324
2 0.340686 0.515662 0.013350 0.159919
0 0.926254 0.440041 0.101626 0.097000
0 0.839886 0.468000 0.089314 0.080919
7 0.518452 0.467149 0.026789 0.043811
7 0.488509 0.455932 0.026266 0.031757
