0 0.030946 0.802080 0.061892 0.390507
0 0.360117 0.559373 0.048623 0.109680
0 0.545620 0.514320 0.039420 0.100427
0 0.381791 0.543453 0.040990 0.087707
0 0.404831 0.519027 0.031804 0.085787
0 0.064465 0.595493 0.077335 0.091627
0 0.105105 0.590253 0.069533 0.089147
0 0.141389 0.581853 0.074050 0.096667
0 0.185350 0.580893 0.064775 0.095920
7 0.023297 0.842400 0.046594 0.304533
7 0.011316 0.607733 0.022633 0.076693
7 0.471590 0.499933 0.095548 0.085307
7 0.679404 0.449027 0.027842 0.049093
7 0.583575 0.448173 0.071594 0.050800
7 0.968096 0.405040 0.060507 0.057707
