2 0.495517 0.523824 0.016349 0.154011
2 0.506426 0.527032 0.021882 0.172888
2 0.042605 0.715575 0.085210 0.563503
2 0.081212 0.643436 0.050468 0.349332
2 0.169568 0.676217 0.058393 0.469652
2 0.675739 0.626952 0.062302 0.445989
2 0.873926 0.674906 0.106543 0.644840
2 0.308029 0.544973 0.031454 0.174118
2 0.429301 0.530040 0.018150 0.175267
0 0.343865 0.543570 0.110089 0.280936
0 0.393453 0.515896 0.062092 0.192701
7 0.016264 0.781136 0.032528 0.427032
7 0.618461 0.595602 0.048667 0.217995
7 0.450755 0.480080 0.015339 0.055936
7 0.553098 0.481818 0.012738 0.062834
