2 0.027508 0.633787 0.055016 0.475467
4 0.682725 0.570440 0.050781 0.294107
2 0.608068 0.520067 0.017279 0.209253
2 0.751699 0.543627 0.023478 0.226027
2 0.269187 0.529693 0.026731 0.179973
0 0.476409 0.466320 0.045185 0.117867
7 0.020169 0.641373 0.040338 0.471707
7 0.056486 0.568920 0.025757 0.175013
7 0.111957 0.555133 0.041900 0.140507
7 0.245543 0.543920 0.018462 0.118080
7 0.172890 0.521467 0.028357 0.083573
7 0.315338 0.525787 0.043462 0.168107
7 0.363780 0.484400 0.035129 0.112907
7 0.435914 0.497320 0.016900 0.111173
7 0.849976 0.581853 0.099195 0.345787
7 0.727057 0.529253 0.014823 0.199147
7 0.640857 0.530973 0.028881 0.164667
