4 0.712520 0.608473 0.049175 0.236568
4 0.151074 0.729432 0.302149 0.535730
4 0.553346 0.591730 0.038505 0.225297
2 0.213509 0.541608 0.012802 0.140784
2 0.229804 0.535689 0.015523 0.121919
4 0.531397 0.544622 0.027925 0.103946
2 0.345584 0.546270 0.010351 0.129297
2 0.333877 0.545419 0.014158 0.109270
2 0.540686 0.536608 0.011438 0.108568
2 0.561822 0.552108 0.015523 0.108595
7 0.587463 0.555027 0.017933 0.109297
7 0.673399 0.530041 0.011683 0.045541
7 0.757774 0.549851 0.013766 0.098946
7 0.657047 0.537581 0.013456 0.036189
