0 0.947018 0.568595 0.104330 0.138757
0 0.894412 0.562797 0.102190 0.131811
0 0.825743 0.562432 0.094722 0.142000
0 0.506213 0.507216 0.027900 0.081946
2 0.841675 0.671419 0.083382 0.525324
2 0.161806 0.473446 0.013186 0.126027
2 0.229506 0.474392 0.013521 0.111432
2 0.255948 0.542784 0.023775 0.230108
2 0.288640 0.538270 0.022018 0.221081
2 0.311949 0.544365 0.049371 0.237973
2 0.395159 0.571703 0.037557 0.304703
2 0.431332 0.566459 0.034739 0.271027
2 0.278505 0.568919 0.032663 0.282216
2 0.315368 0.566095 0.029951 0.271703
2 0.341556 0.563892 0.029698 0.241243
2 0.272038 0.548797 0.045466 0.243595
7 0.460903 0.476608 0.008554 0.083432
