0 0.198539 0.593627 0.147496 0.178987
0 0.268998 0.559520 0.105918 0.146293
0 0.294348 0.543533 0.095169 0.127600
0 0.329895 0.528787 0.086151 0.112667
0 0.363506 0.522413 0.051570 0.081573
0 0.378192 0.518347 0.054887 0.064267
0 0.394565 0.501267 0.048470 0.065253
0 0.402919 0.502707 0.046304 0.059440
7 0.065081 0.570653 0.047118 0.226747
7 0.442943 0.491307 0.025757 0.047360
7 0.519247 0.486973 0.048156 0.055973
7 0.777061 0.487853 0.029404 0.161200
7 0.957963 0.422307 0.080821 0.054267
7 0.817158 0.438680 0.061691 0.035280
7 0.672890 0.449027 0.112738 0.045627
