2 0.533607 0.470486 0.016070 0.154054
2 0.214967 0.538068 0.026961 0.325162
2 0.908578 0.675730 0.181209 0.643135
2 0.572574 0.471865 0.031585 0.195892
2 0.591781 0.671351 0.145278 0.651892
2 0.595858 0.723514 0.114183 0.547568
2 0.618971 0.684784 0.053922 0.625027
2 0.679326 0.741662 0.069714 0.511270
2 0.700033 0.697392 0.050654 0.599811
2 0.790539 0.715392 0.072990 0.563811
2 0.302929 0.722162 0.079518 0.550270
2 0.464444 0.578851 0.046291 0.370568
2 0.549739 0.577568 0.038399 0.342000
2 0.577414 0.559473 0.068080 0.368622
2 0.634289 0.545189 0.059477 0.345351
0 0.109167 0.498649 0.218333 0.997297
7 0.406736 0.433541 0.018979 0.107568
7 0.259600 0.437851 0.031993 0.116189
7 0.781993 0.342230 0.070539 0.059324
