0 0.504698 0.553920 0.052021 0.140373
0 0.880036 0.598147 0.238317 0.798373
0 0.101167 0.709213 0.202335 0.576240
0 0.209791 0.665240 0.208905 0.361147
0 0.283494 0.620760 0.179919 0.260080
0 0.371840 0.551867 0.097512 0.162293
0 0.422246 0.508707 0.065137 0.086213
0 0.657222 0.606960 0.110274 0.215893
0 0.604714 0.540173 0.068382 0.162533
2 0.565632 0.538213 0.016643 0.135040
0 0.499340 0.515973 0.030499 0.092107
0 0.156667 0.516493 0.099211 0.125253
0 0.674058 0.481573 0.075894 0.099307
7 0.275757 0.461973 0.034090 0.026667
7 0.462738 0.468867 0.034090 0.085307
7 0.411437 0.444720 0.024195 0.037013
7 0.548152 0.504227 0.013261 0.100827
7 0.524452 0.455933 0.015862 0.035280
