0 0.177987 0.604867 0.171723 0.207173
0 0.253736 0.576347 0.122415 0.148853
4 0.977975 0.529867 0.042440 0.312853
4 0.946586 0.516467 0.047343 0.228880
0 0.763019 0.461547 0.039147 0.070027
7 0.488257 0.489560 0.016385 0.050800
7 0.410390 0.492147 0.031490 0.035280
7 0.448937 0.478347 0.018986 0.028373
7 0.474191 0.476640 0.009090 0.021493
7 0.578362 0.450773 0.022633 0.021493
7 0.641385 0.449907 0.061176 0.019760
7 0.692166 0.448187 0.012738 0.026667
7 0.735395 0.453333 0.006490 0.033547
7 0.844279 0.435227 0.016900 0.042187
7 0.890833 0.425747 0.019509 0.043920
