0 0.031667 0.700533 0.063333 0.339573
0 0.258973 0.564280 0.076691 0.157040
0 0.434767 0.498000 0.025620 0.056747
0 0.294412 0.538960 0.066200 0.121707
0 0.330117 0.529293 0.045886 0.087760
0 0.352701 0.517347 0.047979 0.076187
0 0.538458 0.487187 0.021634 0.055813
2 0.072250 0.652067 0.043454 0.319013
2 0.066804 0.684267 0.039114 0.220213
7 0.022774 0.658627 0.045548 0.350960
7 0.211699 0.555120 0.008052 0.078400
7 0.407005 0.481813 0.008052 0.028373
7 0.834090 0.424893 0.326795 0.100827
7 0.555970 0.472307 0.013261 0.061147
7 0.519509 0.473173 0.011176 0.062880
7 0.596329 0.456787 0.006490 0.030107
