2 0.371155 0.481347 0.012343 0.101840
0 0.352915 0.468533 0.045894 0.115573
0 0.385157 0.478600 0.045274 0.085947
0 0.428651 0.473400 0.053213 0.074320
0 0.549336 0.456200 0.052246 0.094000
0 0.569875 0.462693 0.038994 0.063307
0 0.604002 0.458240 0.042319 0.067307
0 0.629779 0.465987 0.047947 0.053200
0 0.653184 0.465347 0.035515 0.053627
0 0.672951 0.467373 0.039557 0.050587
0 0.693728 0.461040 0.046361 0.052853
0 0.730374 0.446373 0.049332 0.073600
0 0.748229 0.455653 0.043849 0.049867
0 0.766119 0.456080 0.038470 0.045707
7 0.486957 0.430920 0.018986 0.030107
7 0.286957 0.424013 0.079404 0.030107
7 0.877838 0.413680 0.172633 0.123253
7 0.991063 0.416253 0.014654 0.055973
