2 0.534036 0.470486 0.018252 0.153514
2 0.221940 0.536041 0.031969 0.325054
2 0.872819 0.693811 0.100196 0.606973
2 0.767643 0.683216 0.092721 0.628162
2 0.625327 0.493432 0.030850 0.200541
2 0.509265 0.673946 0.076422 0.646703
2 0.520225 0.720216 0.053668 0.543243
2 0.576503 0.674351 0.052598 0.596649
2 0.613002 0.709459 0.049404 0.478432
2 0.647038 0.656486 0.053750 0.508324
2 0.709653 0.685878 0.053962 0.499108
2 0.253619 0.696243 0.063824 0.497351
2 0.449457 0.544000 0.039109 0.327027
2 0.516132 0.553338 0.048162 0.303054
2 0.546814 0.538149 0.051160 0.326459
2 0.602030 0.530649 0.050825 0.306811
0 0.109183 0.498649 0.218366 0.997297
7 0.407512 0.435257 0.017410 0.111000
7 0.355694 0.441297 0.010637 0.095514
7 0.280956 0.442176 0.045539 0.131703
7 0.888693 0.337054 0.219346 0.055892
7 0.673141 0.360311 0.035123 0.019703
