2 0.258458 0.489227 0.016369 0.118827
0 0.251961 0.475733 0.052746 0.134133
0 0.290946 0.486640 0.052182 0.097973
0 0.341574 0.481320 0.060169 0.083600
0 0.476167 0.465760 0.056280 0.101760
0 0.498543 0.470387 0.041932 0.067813
0 0.533506 0.465093 0.044211 0.071040
0 0.559903 0.472053 0.048470 0.055360
0 0.583990 0.472293 0.035451 0.055680
0 0.603603 0.472640 0.040346 0.052533
0 0.623804 0.468720 0.046562 0.054080
0 0.658341 0.452213 0.048293 0.074560
0 0.676771 0.463093 0.042593 0.050133
0 0.691184 0.458787 0.036908 0.045787
7 0.410656 0.441253 0.019509 0.033547
7 0.177319 0.440413 0.084090 0.059440
7 0.745813 0.441267 0.065862 0.074960
7 0.930684 0.434387 0.028357 0.064613
7 0.972826 0.426600 0.051127 0.024933
7 0.881248 0.422320 0.027713 0.033440
