0 0.845270 0.739227 0.307850 0.516213
0 0.064839 0.792093 0.129678 0.410480
0 0.240346 0.611480 0.137262 0.270373
0 0.436453 0.514013 0.032665 0.071813
0 0.313398 0.564467 0.080032 0.164667
0 0.371043 0.538400 0.044646 0.094027
0 0.519932 0.490973 0.020250 0.058320
0 0.592999 0.476307 0.062069 0.064133
0 0.721884 0.440293 0.060097 0.073920
7 0.407790 0.510280 0.020024 0.064613
7 0.478362 0.474040 0.012214 0.030107
7 0.498937 0.476640 0.012738 0.038720
7 0.912681 0.436107 0.171417 0.071520
7 0.661176 0.452493 0.054928 0.049093
7 0.545024 0.468880 0.026795 0.047360
7 0.452226 0.493160 0.015129 0.041787
