2 0.660299 0.687660 0.049548 0.467193
2 0.272528 0.677888 0.050889 0.443155
2 0.179641 0.669947 0.058425 0.416417
2 0.891498 0.671979 0.073772 0.509305
2 0.824313 0.690321 0.065703 0.499144
2 0.532359 0.564813 0.023425 0.214011
2 0.648768 0.680201 0.053271 0.384144
2 0.598001 0.652567 0.035275 0.330214
2 0.579903 0.630401 0.030695 0.288235
2 0.647851 0.599866 0.049580 0.280963
2 0.606212 0.632714 0.031502 0.284519
2 0.657298 0.550094 0.038926 0.228102
0 0.459580 0.537901 0.042763 0.109706
7 0.492686 0.496471 0.006486 0.047326
