0 0.924758 0.761573 0.148873 0.471520
0 0.244259 0.701093 0.200902 0.412160
0 0.747693 0.681707 0.217657 0.401920
0 0.361284 0.567453 0.094887 0.237253
0 0.439698 0.533880 0.063857 0.147867
0 0.639207 0.564973 0.078849 0.207493
0 0.620664 0.551800 0.047142 0.146640
0 0.545395 0.510360 0.054670 0.094533
1 0.667568 0.419787 0.036651 0.103680
7 0.093349 0.771680 0.186699 0.445973
7 0.478623 0.478347 0.008567 0.028373
7 0.110652 0.523227 0.010129 0.021493
7 0.082528 0.525813 0.012222 0.016320
7 0.576800 0.483547 0.035129 0.087040
7 0.621852 0.436107 0.041900 0.037013
7 0.749976 0.434373 0.076280 0.071520
