2 0.963126 0.657941 0.072132 0.678770
2 0.616971 0.672553 0.059467 0.511738
4 0.120133 0.692139 0.240267 0.610374
2 0.792342 0.552594 0.049903 0.442406
2 0.852653 0.559505 0.040073 0.391043
3 0.232011 0.794586 0.086801 0.405481
3 0.266886 0.772072 0.066648 0.354733
3 0.335388 0.631043 0.054443 0.199091
3 0.278619 0.746751 0.070775 0.314626
2 0.411757 0.539759 0.014903 0.185134
2 0.393813 0.550267 0.016721 0.174866
2 0.462403 0.537995 0.018247 0.177326
2 0.480630 0.512647 0.015784 0.134332
2 0.494257 0.536190 0.015008 0.170348
0 0.432468 0.495160 0.023562 0.060749
2 0.408296 0.534586 0.017900 0.169225
7 0.535133 0.503369 0.045549 0.119733
7 0.372371 0.510241 0.013772 0.105936
