2 0.662298 0.690441 0.066292 0.576658
2 0.812217 0.559626 0.049523 0.484064
2 0.918082 0.575856 0.037132 0.456150
3 0.194879 0.802179 0.106236 0.390294
3 0.238150 0.800922 0.080258 0.392807
3 0.325824 0.646016 0.060065 0.219412
3 0.254152 0.782821 0.084055 0.366230
2 0.415485 0.545040 0.017674 0.201952
2 0.395763 0.546150 0.019717 0.190909
2 0.467314 0.532152 0.018764 0.182433
2 0.487863 0.505749 0.014838 0.137487
2 0.502670 0.529652 0.015145 0.174866
2 0.560271 0.501511 0.015275 0.153824
0 0.438405 0.484906 0.024321 0.062380
2 0.399919 0.528476 0.032585 0.175080
2 0.519580 0.521925 0.014491 0.158021
7 0.070170 0.723168 0.140339 0.273182
7 0.180703 0.574037 0.018982 0.054225
7 0.376535 0.497326 0.009612 0.097326
7 0.539301 0.496457 0.017423 0.116283
7 0.368207 0.583529 0.025234 0.111123
