4 0.985668 0.682493 0.027053 0.629680
2 0.681755 0.594827 0.036602 0.402827
2 0.961965 0.638867 0.061675 0.424613
2 0.122665 0.599093 0.037375 0.285653
2 0.183233 0.598720 0.033261 0.306987
3 0.088663 0.611840 0.042673 0.140320
4 0.373708 0.529333 0.030491 0.169067
0 0.446300 0.487627 0.057077 0.148213
2 0.686928 0.571880 0.034823 0.326213
4 0.492560 0.515853 0.033752 0.111547
7 0.218986 0.554267 0.014300 0.162933
7 0.287472 0.542200 0.025233 0.114640
7 0.322371 0.491293 0.013776 0.109467
7 0.400495 0.504227 0.021071 0.069787
7 0.641900 0.577547 0.034090 0.223307
7 0.624457 0.481813 0.013776 0.052533
7 0.724980 0.613773 0.031490 0.206053
