0 0.062532 0.711680 0.125064 0.571307
0 0.296948 0.627307 0.171723 0.369013
0 0.855596 0.731280 0.287198 0.532107
0 0.714404 0.667360 0.159662 0.374293
0 0.513667 0.540373 0.080765 0.156213
0 0.668849 0.582160 0.071240 0.212160
0 0.870016 0.456787 0.095878 0.167760
0 0.795954 0.461040 0.082005 0.146827
0 0.556115 0.493467 0.041763 0.087627
1 0.656904 0.424893 0.037738 0.110960
7 0.173152 0.522347 0.049718 0.057707
7 0.428623 0.476627 0.085652 0.045627
7 0.598929 0.460253 0.041900 0.095653
7 0.725233 0.432653 0.053881 0.054267
