2 0.894338 0.698068 0.095212 0.598459
2 0.691977 0.593622 0.042271 0.402973
2 0.707553 0.589203 0.037786 0.388514
2 0.540511 0.464986 0.016887 0.164351
2 0.245458 0.537338 0.032402 0.328135
2 0.411078 0.501946 0.018301 0.173730
2 0.431299 0.497068 0.019608 0.185757
2 0.895315 0.650459 0.075155 0.484541
2 0.372141 0.493324 0.020474 0.212595
2 0.350662 0.475324 0.020850 0.191676
2 0.345208 0.478770 0.019763 0.194135
2 0.513717 0.453108 0.012124 0.146000
0 0.109522 0.498649 0.219044 0.997297
7 0.461936 0.441635 0.023954 0.107486
7 0.296785 0.484743 0.063521 0.171703
7 0.819485 0.378405 0.357761 0.090324
