2 0.244739 0.502392 0.017157 0.152838
2 0.329526 0.490622 0.013072 0.105351
2 0.066217 0.535851 0.037582 0.275054
2 0.242704 0.472500 0.012255 0.108459
0 0.469232 0.484716 0.019559 0.049432
0 0.829122 0.554041 0.088440 0.130243
0 0.894195 0.557446 0.098799 0.124676
0 0.947888 0.559162 0.102590 0.126270
2 0.033182 0.537838 0.030842 0.254162
2 0.268431 0.475162 0.011438 0.115730
2 0.253868 0.480297 0.009257 0.101892
2 0.118901 0.537081 0.028325 0.237730
2 0.075486 0.523932 0.025057 0.242243
2 0.601675 0.639392 0.061275 0.400730
2 0.753292 0.600770 0.064542 0.407703
4 0.388378 0.502784 0.014779 0.113514
2 0.052827 0.527122 0.021242 0.209270
2 0.014273 0.520338 0.028546 0.234297
0 0.506197 0.502149 0.029469 0.076243
2 0.229743 0.466959 0.007900 0.095432
2 0.184150 0.473527 0.008170 0.118622
2 0.926103 0.530122 0.009265 0.097541
7 0.158852 0.478541 0.027786 0.105135
7 0.446462 0.469973 0.010801 0.035730
