0 0.493671 0.547307 0.043060 0.117067
0 0.163398 0.702907 0.199742 0.410667
0 0.272597 0.545987 0.205467 0.484187
0 0.341465 0.573227 0.123704 0.162453
0 0.429102 0.496253 0.051715 0.084080
0 0.536039 0.488853 0.034026 0.106400
0 0.490322 0.519147 0.027488 0.083040
0 0.368841 0.536360 0.118180 0.179973
0 0.028913 0.647773 0.057826 0.319387
0 0.126014 0.590600 0.158486 0.240507
1 0.248514 0.464787 0.090395 0.179547
7 0.804750 0.517720 0.007665 0.078480
7 0.976264 0.522040 0.035298 0.105253
7 0.911663 0.511573 0.099976 0.056853
7 0.829662 0.499907 0.078100 0.106000
