0 0.104126 0.784773 0.208253 0.425120
0 0.513112 0.567293 0.054356 0.126853
0 0.714159 0.526693 0.109638 0.152587
0 0.497182 0.550080 0.040097 0.107627
0 0.355785 0.547573 0.035837 0.086453
0 0.645982 0.526053 0.093478 0.102187
0 0.680845 0.531360 0.098808 0.120053
0 0.477230 0.513253 0.018583 0.061707
0 0.700225 0.746200 0.223913 0.421413
7 0.214432 0.549080 0.067947 0.054267
7 0.386308 0.534853 0.019509 0.062027
7 0.422242 0.512867 0.025757 0.043920
7 0.444509 0.499920 0.014042 0.033547
7 0.977246 0.560253 0.042254 0.209147
