2 0.211143 0.597467 0.026940 0.233280
2 0.120459 0.554467 0.030097 0.202000
6 0.834626 0.685960 0.096900 0.305573
2 0.355334 0.519640 0.014114 0.153893
7 0.278104 0.520627 0.096852 0.100827
7 0.176147 0.512840 0.030443 0.116347
7 0.380447 0.505080 0.007786 0.100827
7 0.402319 0.485680 0.023414 0.062027
7 0.426147 0.486973 0.013261 0.106000
7 0.508957 0.461107 0.030443 0.085307
7 0.474195 0.477920 0.017166 0.056853
7 0.714038 0.498613 0.009348 0.118933
7 0.589428 0.501213 0.036699 0.124133
7 0.692947 0.555560 0.021852 0.129307
