2 0.275000 0.486568 0.013072 0.111081
2 0.358476 0.484676 0.006806 0.082270
2 0.271242 0.466743 0.008170 0.088135
0 0.829297 0.554041 0.088480 0.130243
0 0.894379 0.557446 0.098840 0.124730
0 0.947970 0.559176 0.102426 0.126297
2 0.293587 0.464568 0.010082 0.094216
2 0.293758 0.559203 0.025605 0.217649
2 0.374346 0.550324 0.028056 0.244270
4 0.490564 0.538811 0.035082 0.215405
0 0.506270 0.502149 0.029485 0.076243
2 0.248313 0.477243 0.012525 0.112162
2 0.185012 0.473527 0.008717 0.118622
2 0.795188 0.515527 0.010082 0.098946
7 0.160118 0.490824 0.029649 0.098081
7 0.448362 0.471351 0.010253 0.020595
7 0.417022 0.496595 0.007541 0.044757
