2 0.554988 0.470797 0.016887 0.154189
2 0.245139 0.537554 0.030229 0.329216
2 0.604739 0.593946 0.047386 0.434865
2 0.600229 0.551649 0.044657 0.374270
2 0.549518 0.595743 0.044935 0.425216
2 0.539252 0.607041 0.046838 0.441811
2 0.453011 0.489243 0.026691 0.211189
2 0.475825 0.481892 0.024232 0.221784
2 0.445645 0.481527 0.022876 0.194514
2 0.416920 0.492622 0.018791 0.204919
2 0.351904 0.484257 0.022059 0.205000
2 0.376883 0.486243 0.016887 0.179676
2 0.396254 0.475338 0.019877 0.201595
0 0.109363 0.498649 0.218725 0.997297
7 0.812463 0.371946 0.368717 0.092919
7 0.284726 0.488270 0.042933 0.123946
