0 0.060093 0.782067 0.120185 0.430533
0 0.054235 0.668427 0.108470 0.267840
0 0.156993 0.593080 0.130781 0.174053
0 0.538748 0.511720 0.027383 0.078907
0 0.507258 0.496373 0.029348 0.076267
0 0.549795 0.493480 0.022456 0.067867
0 0.775354 0.461493 0.073172 0.082453
0 0.744452 0.458053 0.063768 0.078933
7 0.912371 0.459827 0.172085 0.134800
7 0.573849 0.466613 0.010644 0.023573
7 0.253881 0.519333 0.026538 0.062027
7 0.284348 0.512867 0.028100 0.038747
7 0.312472 0.501213 0.026538 0.030960
7 0.349585 0.501227 0.028881 0.036160
7 0.451147 0.485693 0.022633 0.030960
