0 0.310910 0.597080 0.075105 0.156773
0 0.564175 0.532027 0.054614 0.134293
0 0.350938 0.567573 0.057576 0.116747
0 0.386675 0.530933 0.040902 0.105333
0 0.400612 0.524213 0.033011 0.080960
0 0.922101 0.417013 0.099726 0.143040
0 0.027303 0.606213 0.054605 0.109173
0 0.050580 0.605427 0.101159 0.126373
7 0.433965 0.501227 0.014823 0.036160
7 0.459348 0.488280 0.024976 0.030960
7 0.484742 0.477933 0.010129 0.025787
7 0.512870 0.486987 0.014823 0.033547
7 0.964400 0.388667 0.067931 0.162933
7 0.628885 0.441707 0.051538 0.046507
