2 0.579701 0.608596 0.028805 0.304733
2 0.367512 0.572259 0.032310 0.226016
2 0.334317 0.572594 0.019653 0.214385
2 0.670808 0.553583 0.021535 0.213636
2 0.649952 0.549345 0.021002 0.209545
2 0.535909 0.546230 0.020460 0.181765
2 0.598776 0.608717 0.022884 0.281765
2 0.565456 0.584599 0.034871 0.224011
2 0.627468 0.553529 0.023691 0.224652
2 0.636947 0.532139 0.017464 0.189037
0 0.468687 0.521952 0.034418 0.089198
2 0.036450 0.648583 0.046583 0.345615
7 0.503881 0.484398 0.010913 0.030936
7 0.086300 0.792139 0.058562 0.336096
