0 0.097275 0.782560 0.194549 0.429547
0 0.215290 0.667053 0.145217 0.269040
0 0.300028 0.608240 0.092085 0.173440
0 0.858406 0.484667 0.200564 0.235093
0 0.797069 0.477093 0.125153 0.206027
0 0.752170 0.479413 0.125403 0.176533
0 0.701606 0.485760 0.112166 0.144107
0 0.360036 0.561627 0.060717 0.118240
0 0.583446 0.544800 0.067649 0.153973
0 0.562705 0.526280 0.046538 0.126960
7 0.485519 0.484400 0.022633 0.041333
7 0.403494 0.530960 0.044509 0.082720
7 0.434738 0.505093 0.022633 0.041333
7 0.526147 0.493453 0.027319 0.054267
7 0.536300 0.510267 0.027319 0.067200
