0 0.399992 0.534459 0.063431 0.147081
4 0.688717 0.466311 0.045196 0.134946
4 0.633264 0.474635 0.038619 0.121757
2 0.431430 0.499284 0.017598 0.123378
4 0.534902 0.480473 0.028595 0.088135
2 0.351973 0.499311 0.019681 0.134081
4 0.272753 0.531649 0.045964 0.141351
2 0.327141 0.510959 0.015359 0.127162
0 0.863681 0.436878 0.084779 0.083378
7 0.234726 0.529595 0.013243 0.095514
7 0.787855 0.467581 0.067933 0.074838
7 0.936712 0.437851 0.051528 0.056730
7 0.510899 0.464986 0.015588 0.028297
7 0.583170 0.468878 0.006993 0.046405
