2 0.229077 0.541514 0.026405 0.246108
0 0.467214 0.487419 0.022549 0.064838
2 0.272990 0.505581 0.019379 0.148730
2 0.118329 0.519959 0.029681 0.230568
2 0.175118 0.483608 0.021593 0.139541
0 0.564808 0.544662 0.120074 0.142405
0 0.828942 0.554027 0.088407 0.130216
0 0.894003 0.557432 0.098758 0.124649
0 0.947802 0.559162 0.102761 0.126270
2 0.110633 0.523189 0.024649 0.213297
2 0.187255 0.479892 0.028529 0.154378
2 0.177614 0.485878 0.017533 0.135703
2 0.204024 0.508500 0.016397 0.163595
2 0.178431 0.497878 0.018856 0.170135
4 0.432520 0.470365 0.006266 0.057054
2 0.169257 0.502230 0.012157 0.144405
2 0.149571 0.499446 0.019420 0.160568
0 0.506119 0.502149 0.029461 0.076243
2 0.187092 0.473527 0.012222 0.118568
