0 0.355250 0.562893 0.051208 0.114533
0 0.547601 0.515440 0.041047 0.104160
0 0.378378 0.546707 0.042810 0.091120
0 0.402536 0.524973 0.032899 0.088187
0 0.852262 0.411173 0.076522 0.120267
0 0.051002 0.602973 0.081329 0.095387
0 0.093060 0.597480 0.073092 0.092773
0 0.130390 0.584907 0.077834 0.100107
7 0.434348 0.505093 0.026538 0.051680
7 0.461691 0.486987 0.029662 0.036160
7 0.486304 0.474040 0.010129 0.030960
7 0.505052 0.485693 0.021071 0.038747
7 0.682395 0.450773 0.025757 0.046507
7 0.610523 0.450760 0.044509 0.036133
