0 0.495640 0.527547 0.034050 0.106667
0 0.073285 0.625933 0.146570 0.221627
0 0.181795 0.574107 0.116280 0.171200
0 0.655000 0.563533 0.118937 0.204613
0 0.635298 0.549947 0.110467 0.164693
0 0.597528 0.542387 0.094267 0.131120
0 0.581445 0.530387 0.080427 0.125840
0 0.577295 0.519253 0.074283 0.101920
0 0.565624 0.514227 0.066884 0.098800
0 0.441582 0.499027 0.014211 0.035920
0 0.527830 0.486067 0.035032 0.051387
0 0.412122 0.496907 0.017657 0.042347
7 0.755056 0.474053 0.036699 0.062027
7 0.390209 0.494733 0.011691 0.030960
7 0.460523 0.488267 0.008567 0.033547
