0 0.247395 0.679560 0.219718 0.451813
0 0.881550 0.733987 0.235290 0.526693
0 0.747556 0.722200 0.204968 0.464133
0 0.504924 0.550987 0.086771 0.170187
0 0.680407 0.593427 0.080717 0.239227
0 0.878961 0.456720 0.103253 0.176907
0 0.803136 0.468453 0.088253 0.155040
0 0.549795 0.499013 0.043164 0.091680
0 0.578901 0.479787 0.031329 0.071787
1 0.651147 0.430653 0.037206 0.112080
7 0.376928 0.492147 0.028881 0.030960
7 0.596852 0.459827 0.031224 0.064613
7 0.454662 0.480507 0.020290 0.028373
7 0.785129 0.462387 0.179662 0.106000
