0 0.225940 0.745892 0.260490 0.500973
2 0.530997 0.535905 0.044657 0.248784
4 0.803350 0.463108 0.044167 0.124919
2 0.339775 0.562770 0.041397 0.290081
4 0.759971 0.476351 0.025368 0.150865
2 0.120078 0.580500 0.019877 0.202189
2 0.107108 0.591338 0.026144 0.197486
4 0.294167 0.574297 0.081732 0.250541
2 0.070968 0.600797 0.034583 0.209378
2 0.023954 0.604135 0.038399 0.262919
2 0.158015 0.568824 0.026683 0.254189
0 0.955172 0.464189 0.088023 0.109081
0 0.388440 0.486081 0.024575 0.060486
7 0.617578 0.448689 0.006740 0.063973
7 0.635629 0.465365 0.005899 0.058405
