2 0.536801 0.468243 0.015253 0.162270
2 0.244244 0.536757 0.029681 0.327243
2 0.518672 0.631973 0.037034 0.349568
2 0.561311 0.596311 0.041054 0.366838
2 0.551536 0.502351 0.025327 0.222108
2 0.460110 0.510486 0.026413 0.260865
2 0.448125 0.491811 0.023962 0.237081
2 0.422676 0.501243 0.025057 0.257730
2 0.409036 0.500797 0.024510 0.259541
2 0.491675 0.450189 0.013611 0.142649
2 0.377390 0.478149 0.020155 0.166351
2 0.315556 0.470257 0.017157 0.167595
2 0.345650 0.468919 0.015792 0.169568
0 0.109432 0.498649 0.218864 0.997297
7 0.281703 0.493149 0.030253 0.163973
7 0.787124 0.382838 0.422484 0.104108
