0 0.700548 0.708467 0.201691 0.387333
0 0.064396 0.664080 0.128792 0.520693
0 0.549879 0.533227 0.047601 0.129387
0 0.328402 0.546613 0.102166 0.132587
0 0.346675 0.538507 0.111401 0.122133
0 0.386006 0.503987 0.080580 0.111600
2 0.204887 0.505787 0.013961 0.145600
6 0.330705 0.600400 0.070330 0.134880
6 0.307613 0.608907 0.043776 0.175307
6 0.342963 0.579600 0.061353 0.131520
6 0.619960 0.615787 0.089002 0.190133
7 0.445515 0.493160 0.058744 0.075120
7 0.510515 0.487613 0.039452 0.080667
7 0.487037 0.466787 0.007585 0.016773
