0 0.763631 0.707907 0.233140 0.427493
0 0.431397 0.509427 0.069267 0.085467
2 0.373394 0.523853 0.012343 0.140613
4 0.749138 0.539627 0.071256 0.177013
0 0.613337 0.484827 0.063470 0.077920
0 0.770169 0.474987 0.077633 0.072853
0 0.963760 0.462893 0.070870 0.096827
0 0.379360 0.511240 0.054388 0.075813
0 0.210250 0.523933 0.057053 0.076027
0 0.475692 0.484200 0.018937 0.042640
0 0.445817 0.490693 0.022214 0.043787
7 0.046296 0.529267 0.078873 0.086213
7 0.339843 0.497347 0.006739 0.044560
7 0.506739 0.476507 0.050354 0.025120
7 0.554134 0.466773 0.012617 0.027893
