2 0.553021 0.591217 0.030355 0.282594
2 0.368841 0.563449 0.024693 0.207433
2 0.338950 0.563650 0.019855 0.195107
3 0.054128 0.874465 0.108255 0.245722
2 0.643788 0.539719 0.022391 0.190348
2 0.611898 0.534211 0.020452 0.187567
2 0.522472 0.539372 0.020937 0.176176
2 0.583275 0.595495 0.024596 0.268155
2 0.607334 0.545441 0.027221 0.215160
2 0.628090 0.525241 0.030089 0.182086
0 0.458833 0.518088 0.033756 0.086016
2 0.084552 0.637032 0.052286 0.318021
3 0.137993 0.781604 0.102593 0.401818
7 0.489956 0.486230 0.018489 0.050107
