2 0.610327 0.646885 0.048199 0.446016
2 0.682165 0.620602 0.050081 0.444679
2 0.213461 0.599519 0.040654 0.315348
2 0.518158 0.541658 0.018578 0.203369
2 0.644927 0.567139 0.037964 0.304973
2 0.930081 0.627687 0.099354 0.514679
2 0.911676 0.578997 0.048732 0.400882
2 0.307981 0.586872 0.032843 0.276203
6 0.286268 0.655896 0.049628 0.188316
2 0.282165 0.586083 0.025315 0.285963
2 0.905444 0.561858 0.090808 0.390989
0 0.440267 0.487500 0.034330 0.114679
0 0.354709 0.506618 0.075121 0.203289
0 0.383740 0.496457 0.047351 0.152861
7 0.564649 0.540388 0.050380 0.130668
