0 0.995898 0.724120 0.006594 0.546427
0 0.361868 0.667627 0.184300 0.369653
0 0.837665 0.759120 0.323060 0.476427
0 0.727371 0.676800 0.176771 0.401867
0 0.959203 0.492533 0.079984 0.215147
0 0.912218 0.493547 0.163519 0.255307
0 0.808595 0.512213 0.141602 0.226773
0 0.421957 0.570107 0.071643 0.167893
0 0.450350 0.539947 0.061747 0.129547
0 0.724581 0.499987 0.069823 0.107333
0 0.601272 0.522800 0.039646 0.107253
0 0.485890 0.513960 0.037544 0.090427
1 0.563881 0.455000 0.036731 0.121200
7 0.066006 0.547333 0.091449 0.038987
7 0.168744 0.532040 0.040290 0.052880
7 0.245068 0.533440 0.031908 0.027893
7 0.502130 0.488987 0.034420 0.066773
7 0.649167 0.478760 0.052568 0.082053
