0 0.581228 0.563067 0.070829 0.175093
0 0.057806 0.822040 0.115612 0.350587
0 0.878192 0.558240 0.242005 0.259573
0 0.813519 0.497133 0.204525 0.262160
6 0.303696 0.612027 0.062850 0.107200
0 0.338486 0.563267 0.065137 0.147707
0 0.197991 0.668627 0.153406 0.273787
0 0.715982 0.504773 0.135668 0.157067
0 0.388667 0.535133 0.039541 0.091600
0 0.953619 0.449333 0.091151 0.127520
7 0.492484 0.480667 0.013454 0.033440
7 0.432101 0.513987 0.057069 0.083440
7 0.513031 0.497333 0.026031 0.061227
7 0.602774 0.472333 0.054549 0.055653
