0 0.231916 0.732840 0.226425 0.412027
0 0.092641 0.739453 0.185282 0.400453
0 0.537927 0.522000 0.038655 0.105280
0 0.349247 0.587360 0.085451 0.184373
0 0.687118 0.501493 0.128148 0.127840
0 0.664577 0.481707 0.106047 0.145120
0 0.878688 0.425627 0.110950 0.126400
7 0.415749 0.504267 0.047842 0.069547
7 0.446357 0.486240 0.013454 0.055680
7 0.479070 0.477907 0.013454 0.039013
7 0.501296 0.486227 0.017649 0.039013
7 0.799448 0.440373 0.085580 0.069547
7 0.570483 0.466787 0.036940 0.044560
7 0.623321 0.486240 0.072166 0.089013
