2 0.533807 0.469014 0.013889 0.159162
2 0.244400 0.536757 0.029142 0.327351
2 0.607422 0.722622 0.046838 0.470162
2 0.658701 0.699608 0.060180 0.500622
2 0.518787 0.500689 0.020155 0.197378
2 0.498182 0.523014 0.037034 0.293541
2 0.482586 0.509986 0.025874 0.261162
2 0.452970 0.518392 0.029142 0.290568
2 0.438627 0.521905 0.030229 0.295649
2 0.417806 0.469095 0.018243 0.166189
2 0.396822 0.471405 0.013889 0.167405
2 0.393427 0.478905 0.021511 0.174027
2 0.330752 0.469919 0.017157 0.174919
2 0.347774 0.472838 0.012802 0.152541
2 0.364011 0.470851 0.017157 0.175973
0 0.109412 0.498649 0.218824 0.997297
7 0.781936 0.383405 0.432859 0.088973
7 0.288840 0.483419 0.046209 0.150081
