2 0.863566 0.681351 0.073799 0.608054
2 0.885135 0.684176 0.058440 0.583270
2 0.541230 0.464608 0.016070 0.164514
2 0.246785 0.537014 0.031724 0.327595
2 0.433215 0.523108 0.024616 0.211622
2 0.463570 0.515149 0.025098 0.225865
2 0.704016 0.564703 0.045466 0.330919
2 0.402373 0.487716 0.022247 0.211000
2 0.397222 0.477473 0.019248 0.192676
2 0.366189 0.479554 0.024534 0.200568
2 0.363382 0.479392 0.023072 0.206459
2 0.494922 0.451311 0.011577 0.145919
2 0.535417 0.465595 0.016062 0.143135
0 0.109489 0.498649 0.218979 0.997297
7 0.306895 0.455635 0.077271 0.177865
7 0.787618 0.394514 0.419028 0.111189
