0 0.265350 0.691707 0.186095 0.344747
0 0.106111 0.717653 0.212222 0.351147
0 0.535294 0.520693 0.036787 0.100853
0 0.359867 0.582120 0.076514 0.168293
0 0.676767 0.497213 0.121490 0.121733
0 0.656095 0.478227 0.101031 0.138800
0 0.864098 0.423560 0.106345 0.121947
7 0.417419 0.509840 0.044485 0.064000
7 0.570902 0.459840 0.037778 0.069547
7 0.780157 0.439000 0.093969 0.077893
7 0.619130 0.486213 0.078873 0.061227
7 0.448031 0.489000 0.023519 0.044560
7 0.478225 0.477907 0.013454 0.039013
7 0.501715 0.479280 0.018486 0.036213
