0 0.167516 0.728093 0.298140 0.538480
0 0.926236 0.738293 0.145918 0.518080
0 0.794585 0.744160 0.283035 0.506347
0 0.493732 0.567587 0.095258 0.186800
0 0.689585 0.610720 0.092375 0.273387
0 0.888889 0.456680 0.111530 0.187120
0 0.807073 0.476667 0.094581 0.164267
0 0.540427 0.502760 0.044767 0.096187
0 0.663921 0.487840 0.032190 0.087307
0 0.568438 0.482200 0.032061 0.074213
1 0.641574 0.432453 0.036707 0.113280
7 0.347806 0.505667 0.044485 0.044560
7 0.438390 0.484840 0.031063 0.041787
7 0.585584 0.464000 0.035258 0.072320
7 0.726904 0.451507 0.074678 0.086213
