4 0.911973 0.685573 0.104461 0.623520
2 0.661232 0.576027 0.031820 0.349440
2 0.898313 0.608867 0.035081 0.358693
2 0.156103 0.577200 0.028986 0.259733
2 0.218156 0.571320 0.030950 0.274267
3 0.123857 0.588307 0.038019 0.128080
4 0.386638 0.521267 0.029138 0.155707
0 0.451494 0.480533 0.054646 0.142187
2 0.667206 0.553760 0.040129 0.286987
4 0.487919 0.507360 0.033615 0.108107
7 0.715584 0.564000 0.062101 0.222347
7 0.341940 0.484827 0.049517 0.097333
7 0.401908 0.493160 0.036940 0.075120
7 0.298744 0.522333 0.018486 0.105680
