0 0.866123 0.739507 0.266143 0.515653
0 0.037975 0.801280 0.075950 0.392107
0 0.216441 0.624080 0.156296 0.297707
0 0.432520 0.515320 0.034589 0.075280
0 0.301385 0.570413 0.087037 0.175333
0 0.365213 0.541773 0.046820 0.097840
0 0.519255 0.494000 0.020636 0.059573
0 0.594114 0.475947 0.063607 0.065707
0 0.725004 0.438880 0.061361 0.075413
7 0.915250 0.468160 0.166248 0.130667
7 0.474871 0.472320 0.010097 0.033440
7 0.406522 0.509840 0.027713 0.069547
7 0.658547 0.445947 0.053712 0.058453
7 0.554545 0.469573 0.045322 0.055680
