2 0.564587 0.476257 0.015155 0.152297
2 0.238505 0.530122 0.032386 0.324351
2 0.559036 0.589730 0.054363 0.401568
2 0.617292 0.565135 0.047230 0.417946
2 0.512663 0.527041 0.030964 0.296243
2 0.484685 0.533824 0.032998 0.301649
2 0.565670 0.520730 0.049052 0.271946
2 0.599992 0.513797 0.024395 0.256081
2 0.985797 0.631095 0.026773 0.213162
2 0.395731 0.532446 0.027606 0.301757
2 0.408529 0.527176 0.019967 0.251757
2 0.438754 0.511703 0.026250 0.279622
2 0.468309 0.530068 0.015539 0.232243
2 0.450127 0.511135 0.022574 0.246811
2 0.379395 0.488973 0.018023 0.195676
2 0.435257 0.486162 0.015172 0.178811
0 0.109281 0.498649 0.218562 0.997297
7 0.306475 0.463959 0.086511 0.127865
7 0.840715 0.393135 0.315302 0.125081
