0 0.058398 0.788413 0.116795 0.417840
0 0.364618 0.556107 0.046288 0.105227
0 0.543768 0.513280 0.037923 0.096960
0 0.384984 0.540387 0.039308 0.084560
0 0.407025 0.519120 0.030781 0.083467
0 0.076912 0.591627 0.073696 0.088480
0 0.116433 0.583427 0.066264 0.085787
0 0.152162 0.574573 0.070459 0.092827
0 0.194750 0.577827 0.061707 0.092720
7 0.450552 0.504267 0.053712 0.064000
7 0.486200 0.475120 0.007585 0.033440
7 0.515552 0.489000 0.042810 0.055653
7 0.606550 0.448733 0.036932 0.041787
7 0.676159 0.450120 0.028551 0.050107
7 0.823768 0.409840 0.050354 0.091787
7 0.928200 0.413987 0.064614 0.083440
