0 0.108019 0.631747 0.200161 0.234267
0 0.222367 0.573813 0.130902 0.176693
0 0.258651 0.551613 0.114018 0.150373
0 0.280717 0.547253 0.107472 0.124267
0 0.306538 0.529947 0.099356 0.128747
0 0.328007 0.532573 0.079412 0.102427
0 0.348120 0.520120 0.057512 0.090053
0 0.365411 0.520307 0.060467 0.070320
0 0.374823 0.503293 0.052673 0.078960
0 0.386272 0.503347 0.052738 0.070693
0 0.393853 0.500907 0.049895 0.063893
7 0.794493 0.476507 0.407794 0.097333
7 0.435874 0.491773 0.032746 0.050107
7 0.503386 0.486227 0.015129 0.039013
7 0.522262 0.475120 0.017649 0.027893
