0 0.152178 0.773627 0.304356 0.447413
0 0.055310 0.769360 0.110620 0.424267
0 0.544831 0.531827 0.042512 0.113680
0 0.320648 0.619893 0.110926 0.232373
0 0.711212 0.511493 0.143889 0.142187
0 0.684010 0.489720 0.117713 0.159600
0 0.401490 0.525440 0.029678 0.071573
0 0.911208 0.430267 0.121449 0.136373
7 0.637162 0.493173 0.084742 0.102880
7 0.836775 0.440387 0.074678 0.075120
7 0.435455 0.497320 0.036932 0.050107
7 0.482001 0.483440 0.012617 0.038987
7 0.504646 0.489000 0.020998 0.044560
7 0.574259 0.473720 0.041127 0.052880
