2 0.558905 0.469189 0.014706 0.153189
2 0.225245 0.535216 0.031863 0.329297
2 0.808538 0.681176 0.179297 0.632243
2 0.890384 0.656500 0.189820 0.681595
2 0.637745 0.610838 0.062908 0.446919
2 0.578509 0.608149 0.047116 0.432946
2 0.709502 0.601635 0.053382 0.445378
2 0.766740 0.606459 0.043578 0.425676
2 0.796483 0.553027 0.035678 0.209514
2 0.420768 0.597135 0.039216 0.418541
2 0.448231 0.591189 0.024240 0.350973
2 0.481716 0.568338 0.035408 0.383432
2 0.517386 0.586730 0.028056 0.314649
2 0.531961 0.553189 0.031046 0.337676
2 0.402328 0.510595 0.024788 0.248324
2 0.468178 0.511014 0.022059 0.228297
2 0.496761 0.507108 0.023423 0.247568
2 0.541556 0.500054 0.033342 0.234108
0 0.109232 0.498649 0.218464 0.997297
7 0.271630 0.512581 0.052083 0.280622
7 0.350560 0.444527 0.013456 0.100081
