0 0.605125 0.590146 0.086446 0.195559
0 0.048791 0.785771 0.097583 0.423138
0 0.321374 0.608963 0.120572 0.268617
0 0.534089 0.510824 0.033207 0.082074
0 0.137772 0.612593 0.164150 0.245984
0 0.381060 0.555226 0.067679 0.151037
0 0.287055 0.558231 0.070435 0.127420
0 0.338179 0.533816 0.044561 0.089973
0 0.364799 0.501662 0.031708 0.088005
0 0.429529 0.509428 0.025907 0.061888
0 0.390048 0.495239 0.030218 0.072872
0 0.484190 0.502261 0.020806 0.064468
0 0.505624 0.491543 0.011926 0.039681
7 0.447857 0.487606 0.015181 0.036223
7 0.470157 0.497354 0.012659 0.039016
