2 0.562198 0.475703 0.012663 0.152703
2 0.237006 0.530757 0.032410 0.324865
2 0.609359 0.655392 0.052835 0.519649
2 0.685654 0.623351 0.051748 0.530703
2 0.546038 0.550811 0.034036 0.340324
2 0.517345 0.549892 0.039216 0.336703
2 0.601646 0.539027 0.054208 0.318649
2 0.648321 0.542946 0.028864 0.299676
2 0.922810 0.595595 0.034592 0.210865
2 0.408342 0.551784 0.031863 0.333838
2 0.415347 0.546054 0.025057 0.280757
2 0.449804 0.529446 0.028056 0.311811
2 0.482680 0.549568 0.025866 0.255622
2 0.481471 0.520297 0.037908 0.272324
2 0.384469 0.496838 0.020703 0.211838
2 0.440605 0.495473 0.015523 0.195054
2 0.466654 0.485189 0.017704 0.209892
2 0.506806 0.486041 0.029395 0.200514
0 0.109265 0.498649 0.218529 0.997297
7 0.311932 0.461203 0.095743 0.100081
