0 0.057403 0.785493 0.114807 0.423680
0 0.691651 0.649960 0.183108 0.375173
0 0.187621 0.671520 0.177319 0.284427
0 0.317198 0.571520 0.083108 0.185653
0 0.452593 0.502347 0.025266 0.058080
0 0.356538 0.538147 0.056957 0.126427
0 0.394928 0.524680 0.036248 0.078640
0 0.523498 0.490293 0.018527 0.052747
0 0.588800 0.475573 0.055346 0.057333
7 0.424553 0.509827 0.015129 0.052880
7 0.484521 0.469560 0.012617 0.039013
7 0.505906 0.472333 0.013454 0.039013
7 0.726486 0.462613 0.216417 0.069547
7 0.567548 0.462600 0.044485 0.052880
