4 0.218474 0.601013 0.074533 0.348373
4 0.257407 0.574827 0.058776 0.267200
0 0.411006 0.493760 0.080306 0.197653
3 0.017428 0.619867 0.034855 0.217920
2 0.975455 0.816147 0.047480 0.362373
3 0.169521 0.578240 0.040765 0.155093
4 0.516848 0.522240 0.033937 0.133493
2 0.774122 0.528013 0.019839 0.176507
2 0.725568 0.521013 0.018430 0.161120
3 0.669312 0.529573 0.034469 0.114027
3 0.662045 0.529973 0.035330 0.101440
0 0.343986 0.510293 0.064847 0.073493
7 0.907681 0.650107 0.097327 0.338987
7 0.627512 0.475107 0.011771 0.055653
