0 0.866904 0.746080 0.264581 0.502507
0 0.097307 0.776787 0.194614 0.441093
0 0.373144 0.551880 0.042085 0.097413
0 0.540705 0.513413 0.035225 0.090560
0 0.391055 0.539053 0.036232 0.079227
0 0.411083 0.519280 0.028913 0.079253
0 0.099706 0.584533 0.067238 0.082827
0 0.137448 0.580133 0.060435 0.080693
0 0.171659 0.572227 0.064155 0.087280
0 0.211952 0.572240 0.056256 0.086880
7 0.512617 0.497320 0.040290 0.050107
7 0.668192 0.455667 0.022681 0.044560
7 0.453482 0.493160 0.044485 0.047333
7 0.487874 0.477893 0.010934 0.033440
