0 0.860950 0.718453 0.276490 0.557760
0 0.433837 0.603507 0.130717 0.262480
0 0.750664 0.732920 0.192359 0.478213
0 0.696087 0.600760 0.111771 0.290747
0 0.955853 0.474600 0.086683 0.196667
0 0.903100 0.463693 0.139388 0.222693
0 0.810076 0.482520 0.119283 0.197040
0 0.492641 0.510520 0.050435 0.112987
0 0.748297 0.476600 0.066659 0.098587
0 0.630560 0.492533 0.034179 0.098027
0 0.524380 0.491853 0.034734 0.082907
1 0.600036 0.436760 0.036256 0.117680
7 0.134783 0.534827 0.089775 0.097333
7 0.305870 0.509827 0.031063 0.041787
7 0.340258 0.495947 0.019324 0.036213
7 0.541973 0.461240 0.028551 0.072347
7 0.684130 0.451493 0.057907 0.064000
