2 0.261144 0.496743 0.016340 0.133432
2 0.340237 0.487541 0.011438 0.094865
2 0.259371 0.469986 0.011438 0.099378
0 0.829187 0.554041 0.088456 0.130243
0 0.894269 0.557446 0.098815 0.124676
0 0.947921 0.559176 0.102525 0.126297
2 0.281953 0.472946 0.011160 0.105892
2 0.269547 0.476284 0.015923 0.093162
2 0.049882 0.555662 0.034044 0.286027
2 0.022349 0.535986 0.037851 0.290351
2 0.444493 0.593432 0.044935 0.303892
2 0.561099 0.575473 0.034861 0.322459
4 0.335082 0.531041 0.028350 0.185054
0 0.506225 0.502149 0.029477 0.076243
2 0.247565 0.472730 0.010621 0.098703
2 0.186209 0.473527 0.011716 0.118622
2 0.876176 0.524459 0.019608 0.098054
7 0.162884 0.484811 0.036127 0.102865
