0 0.384342 0.549514 0.078685 0.177568
4 0.750294 0.465730 0.055605 0.158432
4 0.690241 0.466784 0.044730 0.137622
2 0.442766 0.506622 0.022770 0.140973
4 0.571054 0.476297 0.030866 0.094919
2 0.346773 0.510743 0.017369 0.154189
2 0.219694 0.537095 0.025743 0.122189
2 0.212353 0.541514 0.026225 0.117568
4 0.266834 0.539608 0.052933 0.157973
2 0.295106 0.521973 0.016634 0.120811
2 0.289138 0.528486 0.018636 0.145730
2 0.355327 0.511649 0.011422 0.150757
0 0.903595 0.439000 0.095408 0.092054
7 0.823305 0.461176 0.082312 0.094514
7 0.518501 0.458405 0.023538 0.033405
