0 0.105382 0.740280 0.210765 0.495653
0 0.417230 0.529973 0.044138 0.093120
0 0.238233 0.612053 0.128913 0.237707
0 0.338619 0.555373 0.058366 0.116773
0 0.517951 0.496107 0.022568 0.065440
0 0.601912 0.475560 0.070862 0.072987
0 0.593663 0.467880 0.061530 0.087173
0 0.741171 0.435213 0.067432 0.082213
7 0.928647 0.473720 0.099002 0.141787
7 0.668188 0.441773 0.061256 0.055653
7 0.472359 0.473720 0.010097 0.041787
7 0.393937 0.525093 0.029388 0.072320
7 0.443422 0.484827 0.020998 0.030667
7 0.495000 0.477907 0.018486 0.039013
7 0.547001 0.459827 0.035258 0.047333
