2 0.932597 0.667166 0.133191 0.660321
2 0.574338 0.673275 0.053441 0.462594
2 0.105376 0.688396 0.210751 0.617861
4 0.234657 0.724385 0.199023 0.545882
2 0.778708 0.538917 0.033619 0.396230
2 0.798768 0.558422 0.047666 0.345080
3 0.264851 0.748396 0.072270 0.344813
3 0.343397 0.618583 0.049766 0.182246
2 0.407326 0.544733 0.015444 0.170802
2 0.392750 0.550147 0.015097 0.160829
2 0.461757 0.545548 0.016115 0.171952
2 0.472799 0.519746 0.012690 0.131898
2 0.488603 0.539586 0.014200 0.164626
2 0.411103 0.537794 0.016099 0.163289
7 0.431224 0.509840 0.025210 0.058449
7 0.516813 0.525120 0.036955 0.133449
